#Total No. of Cluster Types: 4473
#Total No. of Cluster Tokens: 30751
1	890	1	и
2	860	1	я
3	714	1	в
4	675	1	вот
5	665	1	быть
6	627	1	не
7	611	1	а
8	490	1	что
9	480	1	это
10	464	1	ну
11	453	1	да
12	385	1	то
13	374	1	мы
14	369	1	на
15	328	1	у
16	312	1	как
17	290	1	он
18	284	1	с
19	281	1	вы
20	257	1	там
21	250	1	этот
22	217	1	-
23	200	1	она
24	199	1	они
25	199	1	так
26	198	1	ты
27	192	1	все
28	184	1	говорить
29	166	1	такой
30	165	1	ээ
31	160	1	весь
32	160	1	год
33	147	1	знать
34	145	1	уже
35	143	1	нрзб
36	136	1	по
37	116	1	человек
38	113	1	эээ
39	111	1	но
40	110	1	бы
41	106	1	к
42	105	1	который
43	105	1	сказать
44	103	1	мочь
45	102	1	когда
46	94	1	очень
47	93	1	же
48	91	1	потому
49	91	1	тот
50	86	1	за
51	84	1	еще
52	83	1	нет
53	83	1	тут
54	82	1	себя
55	81	1	аа
56	81	1	если
57	81	1	свой
58	79	1	здесь
59	78	1	мой
60	75	1	какой-то
61	75	1	э
62	72	1	из
63	72	1	один
64	70	1	ребенок
65	69	1	кто
66	69	1	наш
67	69	1	тоже
68	67	1	или
69	65	1	какой
70	64	1	время
71	63	1	жить
72	63	1	только
73	60	1	для
74	60	1	до
75	60	1	ходить
76	58	1	другой
77	57	1	два
78	57	1	сейчас
79	56	1	где
80	56	1	конечно
81	56	1	от
82	56	1	работать
83	55	1	понимать
84	55	1	самый
85	53	1	надо
86	52	1	пойти
87	52	1	потом
88	51	1	хороший
89	50	1	просто
90	50	1	раз
91	50	1	щас
92	49	1	делать
93	49	1	мм
94	49	1	о
95	48	1	много
96	47	1	идти
97	47	1	первый
98	46	1	сам
99	44	1	видеть
100	44	1	работа
101	43	1	день
102	43	1	угу
103	42	1	даже
104	42	1	сегодня
105	41	1	нужный
106	40	1	вообще
107	40	1	почему
108	40	1	сколько
109	39	1	всегда
110	38	1	ли
111	38	1	стать
112	38	1	хотеть
113	37	1	наверное
114	36	1	жизнь
115	35	1	земля
116	35	1	туда
117	35	1	чтобы
118	34	1	думать
119	34	1	можно
120	34	1	про
121	34	1	что-то
122	33	1	дело
123	33	1	значить
124	32	1	поэтому
125	32	1	три
126	31	1	давать
127	31	1	должен
128	31	1	опять
129	31	1	помнить
130	31	1	сидеть
131	31	1	уж
132	30	1	ваш
133	30	1	дом
134	30	1	прийти
135	30	1	пять
136	29	1	каждый
137	29	1	понятный
138	29	1	рассказать
139	28	1	ааа
140	28	1	баба
141	28	1	во
142	28	1	никто
143	28	1	со
144	28	1	учиться
145	28	1	школа
146	27	1	ага
147	27	1	большой
148	27	1	война
149	27	1	вопрос
150	27	1	дать
151	27	1	ничто
152	27	1	тысяча
153	26	1	смотреть
154	26	1	сразу
155	26	1	тогда
156	26	1	улица
157	26	1	язык
158	25	1	более
159	25	1	деревня
160	25	1	новый
161	25	1	россия
162	24	1	больше
163	24	1	где-то
164	24	1	двадцать
165	24	1	ж
166	24	1	ой
167	24	1	приехать
168	24	1	чтоб
169	23	1	ведь
170	23	1	м
171	23	1	никакой
172	23	1	общий
173	22	1	бабушка
174	22	1	здравствовать
175	22	1	играть
176	22	1	отец
177	22	1	рано
178	22	1	стоять
179	21	1	вести
180	21	1	второй
181	21	1	как-то
182	21	1	мама
183	21	1	начать
184	21	1	пацан
185	21	1	слушать
186	21	1	сорок
187	21	1	стоить
188	21	1	четыре
189	20	1	вместе
190	20	1	заниматься
191	20	1	казаться
192	20	1	любой
193	20	1	место
194	20	1	ни
195	20	1	приходить
196	20	1	рассказывать
197	20	1	ребята
198	20	1	сделать
199	20	1	спрашивать
200	20	1	сторона
201	20	1	че
202	19	1	бог
203	19	1	все-таки
204	19	1	город
205	19	1	десять
206	19	1	конец
207	19	1	называть
208	19	1	под
209	19	1	получаться
210	19	1	семья
211	19	1	слово
212	18	1	взять
213	18	1	ехать
214	18	1	иметь
215	18	1	интересный
216	18	1	машина
217	18	1	найти
218	18	1	некоторый
219	18	1	остаться
220	18	1	родитель
221	18	1	тридцать
222	18	1	умереть
223	18	1	хорошо
224	17	1	без
225	17	1	вон
226	17	1	история
227	17	1	ладно
228	17	1	муж
229	17	1	мужик
230	17	1	народ
231	17	1	после
232	17	1	посмотреть
233	17	1	сдавать
234	17	1	сто
235	17	1	типа
236	17	1	цена
237	17	1	читать
238	17	1	шесть
239	16	1	брать
240	16	1	далеко
241	16	1	деньги
242	16	1	дома
243	16	1	именно
244	16	1	кстати
245	16	1	кто-то
246	16	1	назад
247	16	1	постоянно
248	16	1	правильно
249	16	1	русский
250	16	1	сюда
251	16	1	теперь
252	16	1	утро
253	16	1	хоть
254	15	1	бывать
255	15	1	горшок
256	15	1	девять
257	15	1	ко
258	15	1	купить
259	15	1	лес
260	15	1	мир
261	15	1	называться
262	15	1	например
263	15	1	пожалуйста
264	15	1	приезжать
265	15	1	прям
266	15	1	родиться
267	15	1	рука
268	15	1	считать
269	15	1	це
270	15	1	часть
271	14	1	брат
272	14	1	вода
273	14	1	вчера
274	14	1	выйти
275	14	1	звать
276	14	1	любить
277	14	1	маленький
278	14	1	мало
279	14	1	месяц
280	14	1	молодой
281	14	1	ночь
282	14	1	плохой
283	14	1	пока
284	14	1	равный
285	14	1	сказка
286	14	1	смеется
287	14	1	твой
288	14	1	через
289	14	1	шестьдесят
290	13	1	возможность
291	13	1	дак
292	13	1	далее
293	13	1	друг
294	13	1	здание
295	13	1	их
296	13	1	какой-нибудь
297	13	1	кидать
298	13	1	момент
299	13	1	находиться
300	13	1	несколько
301	13	1	оно
302	13	1	пахать
303	13	1	подумать
304	13	1	разный
305	13	1	синий
306	12	1	возраст
307	12	1	выходить
308	12	1	зуб
309	12	1	нельзя
310	12	1	поехать
311	12	1	помогать
312	12	1	понять
313	12	1	праздник
314	12	1	проблема
315	12	1	пройти
316	12	1	рубль
317	12	1	сложный
318	12	1	смысл
319	12	1	собака
320	12	1	старик
321	11	1	кавказ
322	11	1	красный
323	11	1	куда
324	11	1	лежать
325	11	1	лето
326	11	1	мать
327	11	1	никогда
328	11	1	основной
329	11	1	печь
330	11	1	по-моему
331	11	1	поле
332	11	1	попасть
333	11	1	принцип
334	11	1	просить
335	11	1	сначала
336	11	1	снег
337	11	1	собирать
338	11	1	сожаление
339	11	1	старый
340	11	1	сын
341	11	1	третий
342	11	1	уйти
343	11	1	час
344	11	1	шо
345	10	1	бессоновка
346	10	1	бояться
347	10	1	везти
348	10	1	вид
349	10	1	всякий
350	10	1	ездить
351	10	1	книжка
352	10	1	колхоз
353	10	1	либо
354	10	1	музыка
355	10	1	наверно
356	10	1	немец
357	10	1	образование
358	10	1	обязательно
359	10	1	отношение
360	10	1	оттуда
361	10	1	папа
362	10	1	полный
363	10	1	практически
364	10	1	пруд
365	10	1	решить
366	10	1	снимать
367	10	1	спать
368	10	1	стараться
369	10	1	тяжелый
370	10	1	учить
371	10	1	хата
372	10	1	чем
373	10	1	что-нибудь
374	10	1	э-э-э
375	9	1	баня
376	9	1	болеть
377	9	1	вечер
378	9	1	вещь
379	9	1	главный
380	9	1	девка
381	9	1	действительно
382	9	1	детство
383	9	1	дорога
384	9	1	его
385	9	1	естественно
386	9	1	жена
387	9	1	зима
388	9	1	класс
389	9	1	корова
390	9	1	лошадь
391	9	1	морозко
392	9	1	мыть
393	9	1	начаться
394	9	1	нету
395	9	1	огромный
396	9	1	откуда
397	9	1	показать
398	9	1	попков
399	9	1	пора
400	9	1	последний
401	9	1	поставить
402	9	1	почти
403	9	1	процесс
404	9	1	семь
405	9	1	ситуация
406	9	1	случай
407	9	1	соответственно
408	9	1	состояние
409	9	1	старуха
410	9	1	теплый
411	9	1	ха
412	9	1	хотя
413	9	1	экзамен
414	8	1	абсолютно
415	8	1	бренчать
416	8	1	бурлак
417	8	1	василий
418	8	1	возить
419	8	1	восемь
420	8	1	господь
421	8	1	готовиться
422	8	1	дагестанец
423	8	1	девочка
424	8	1	добрый
425	8	1	долго
426	8	1	доллар
427	8	1	дурак
428	8	1	ее
429	8	1	живой
430	8	1	закончить
431	8	1	иван
432	8	1	искать
433	8	1	культура
434	8	1	магазин
435	8	1	мера
436	8	1	миллион
437	8	1	молчать
438	8	1	начало
439	8	1	начинать
440	8	1	нога
441	8	1	об
442	8	1	писать
443	8	1	подходить
444	8	1	полностью
445	8	1	привезти
446	8	1	простой
447	8	1	пятьдесят
448	8	1	рад
449	8	1	связать
450	8	1	сколь
451	8	1	собачка
452	8	1	советский
453	8	1	спасибо
454	8	1	срок
455	8	1	стучать
456	8	1	увидеть
457	8	1	умный
458	8	1	финляндия
459	8	1	часто
460	8	1	ясный
461	7	1	батюшка
462	7	1	буквально
463	7	1	вакцинироваться
464	7	1	вдруг
465	7	1	взрослый
466	7	1	видимо
467	7	1	власть
468	7	1	внук
469	7	1	восемьдесят
470	7	1	восьмой
471	7	1	вроде
472	7	1	газета
473	7	1	готовый
474	7	1	группа
475	7	1	дедушка
476	7	1	держать
477	7	1	длинный
478	7	1	дорогой
479	7	1	елка
480	7	1	ждать
481	7	1	завод
482	7	1	здоровье
483	7	1	косточка
484	7	1	математика
485	7	1	молитва
486	7	1	молодежь
487	7	1	москва
488	7	1	мхм
489	7	1	навоз
490	7	1	назвать
491	7	1	написать
492	7	1	немножко
493	7	1	нечего
494	7	1	область
495	7	1	объяснить
496	7	1	около
497	7	1	перед
498	7	1	печка
499	7	1	поговорить
500	7	1	политика
501	7	1	получить
502	7	1	понравиться
503	7	1	посев
504	7	1	появиться
505	7	1	правда
506	7	1	правительство
507	7	1	прекрасный
508	7	1	результат
509	7	1	республика
510	7	1	рост
511	7	1	ругаться
512	7	1	связь
513	7	1	сельский
514	7	1	сесть
515	7	1	сила
516	7	1	смочь
517	7	1	совсем
518	7	1	старший
519	7	1	страна
520	7	1	строить
521	7	1	также
522	7	1	тетя
523	7	1	точно
524	7	1	учитель
525	7	1	церковь
526	7	1	этап
527	6	1	азербайджанский
528	6	1	английский
529	6	1	апрель
530	6	1	аээ
531	6	1	блин
532	6	1	болезнь
533	6	1	больной
534	6	1	верить
535	6	1	вернуться
536	6	1	вещдок
537	6	1	висеть
538	6	1	во-первых
539	6	1	водить
540	6	1	вспомянуть
541	6	1	говориться
542	6	1	государство
543	6	1	готовить
544	6	1	двести
545	6	1	девчата
546	6	1	девяносто
547	6	1	девятый
548	6	1	дед
549	6	1	делаться
550	6	1	дойти
551	6	1	допустить
552	6	1	достаточно
553	6	1	дочь
554	6	1	душа
555	6	1	есть
556	6	1	женщина
557	6	1	житель
558	6	1	задача
559	6	1	занять
560	6	1	зарабатывать
561	6	1	здоровый
562	6	1	изба
563	6	1	интервью
564	6	1	интернет
565	6	1	исключить
566	6	1	использовать
567	6	1	камень
568	6	1	каша
569	6	1	километр
570	6	1	кхм
571	6	1	лавка
572	6	1	лечить
573	6	1	май
574	6	1	мероприятие
575	6	1	мечта
576	6	1	мозг
577	6	1	музыкальный
578	6	1	население
579	6	1	наука
580	6	1	нормальный
581	6	1	носить
582	6	1	нравиться
583	6	1	одновременно
584	6	1	определенный
585	6	1	опыт
586	6	1	оставить
587	6	1	перекресток
588	6	1	плохо
589	6	1	плясать
590	6	1	повезти
591	6	1	поглядеть
592	6	1	поесть
593	6	1	поймать
594	6	1	половина
595	6	1	получиться
596	6	1	посадить
597	6	1	посидеть
598	6	1	поступить
599	6	1	представлять
600	6	1	при
601	6	1	проверить
602	6	1	провести
603	6	1	происходить
604	6	1	против
605	6	1	процент
606	6	1	прямо
607	6	1	пятнадцать
608	6	1	разговаривать
609	6	1	реклама
610	6	1	родственник
611	6	1	рождение
612	6	1	российский
613	6	1	рядом
614	6	1	сателлит
615	6	1	свекла
616	6	1	сено
617	6	1	сжечь
618	6	1	следующий
619	6	1	совершенно
620	6	1	согласиться
621	6	1	спросить
622	6	1	столь
623	6	1	столько
624	6	1	суть
625	6	1	теленок
626	6	1	трактор
627	6	1	триста
628	6	1	уехать
629	6	1	фамилия
630	6	1	финн
631	6	1	целый
632	6	1	ценность
633	6	1	чай
634	6	1	чуть
635	6	1	эм
636	6	1	южный
637	5	1	андрей
638	5	1	б
639	5	1	бабка
640	5	1	белек
641	5	1	бороться
642	5	1	везде
643	5	1	версия
644	5	1	вздыхать
645	5	1	видно
646	5	1	вставать
647	5	1	встать
648	5	1	встречать
649	5	1	выбрать
650	5	1	глаз
651	5	1	гость
652	5	1	давно
653	5	1	даг
654	5	1	двенадцать
655	5	1	дверь
656	5	1	двор
657	5	1	детский
658	5	1	деятельность
659	5	1	директор
660	5	1	дон
661	5	1	дочка
662	5	1	дружить
663	5	1	дума
664	5	1	единственный
665	5	1	забор
666	5	1	завтра
667	5	1	задавать
668	5	1	зайти
669	5	1	заходить
670	5	1	знакомый
671	5	1	ка
672	5	1	каменный
673	5	1	канал
674	5	1	книга
675	5	1	коровушка
676	5	1	кричать
677	5	1	кура
678	5	1	кушать
679	5	1	ловить
680	5	1	любимый
681	5	1	маланья
682	5	1	между
683	5	1	метр
684	5	1	мешочек
685	5	1	многий
686	5	1	могила
687	5	1	мост
688	5	1	мужчина
689	5	1	музей
690	5	1	музыкант
691	5	1	наговор
692	5	1	название
693	5	1	направление
694	5	1	неделя
695	5	1	нормально
696	5	1	образ
697	5	1	обратно
698	5	1	обстоятельство
699	5	1	обсуждение
700	5	1	окно
701	5	1	операция
702	5	1	отдать
703	5	1	очередь
704	5	1	ошибка
705	5	1	парень
706	5	1	пенсия
707	5	1	песня
708	5	1	петь
709	5	1	плакать
710	5	1	плести
711	5	1	поезд
712	5	1	пол
713	5	1	положить
714	5	1	получать
715	5	1	помереть
716	5	1	помочь
717	5	1	попробовать
718	5	1	посчитать
719	5	1	посылать
720	5	1	правильный
721	5	1	приблизительно
722	5	1	привести
723	5	1	причитать
724	5	1	программа
725	5	1	проект
726	5	1	проходить
727	5	1	путь
728	5	1	радость
729	5	1	район
730	5	1	реально
731	5	1	режиссер
732	5	1	садиться
733	5	1	сажать
734	5	1	свет
735	5	1	село
736	5	1	сентябрь
737	5	1	серьезный
738	5	1	сеялка
739	5	1	сильно
740	5	1	система
741	5	1	сказочник
742	5	1	служить
743	5	1	слышать
744	5	1	смола
745	5	1	событие
746	5	1	сосед
747	5	1	средний
748	5	1	степень
749	5	1	сходить
750	5	1	счастье
751	5	1	счет
752	5	1	считаться
753	5	1	таки
754	5	1	технология
755	5	1	точный
756	5	1	убирать
757	5	1	угрим
758	5	1	универ
759	5	1	услышать
760	5	1	хватать
761	5	1	целое
762	5	1	центр
763	5	1	че-то
764	5	1	черт
765	5	1	четверо
766	5	1	чечня
767	5	1	штука
768	5	1	шутить
769	4	1	noun
770	4	1	аж
771	4	1	александрович
772	4	1	анализ
773	4	1	архив
774	4	1	бандит
775	4	1	батька
776	4	1	бегать
777	4	1	безопасность
778	4	1	безумно
779	4	1	белый
780	4	1	бельково
781	4	1	бить
782	4	1	боль
783	4	1	больница
784	4	1	борьба
785	4	1	будто
786	4	1	будущее
787	4	1	булычев
788	4	1	вакцинация
789	4	1	валентина
790	4	1	ведро
791	4	1	веселый
792	4	1	ветер
793	4	1	внутренний
794	4	1	возможный
795	4	1	воспринимать
796	4	1	вредный
797	4	1	встретиться
798	4	1	вуз
799	4	1	гармонь
800	4	1	гояс
801	4	1	григорьевна
802	4	1	давить
803	4	1	дагестан
804	4	1	данные
805	4	1	данный
806	4	1	де
807	4	1	дельфин
808	4	1	дерево
809	4	1	деревянный
810	4	1	дождь
811	4	1	домой
812	4	1	дорого
813	4	1	достичь
814	4	1	егэ
815	4	1	жи
816	4	1	забрать
817	4	1	задать
818	4	1	замуж
819	4	1	занятие
820	4	1	запрещать
821	4	1	запрячь
822	4	1	зачем
823	4	1	иваныч
824	4	1	из-за
825	4	1	издать
826	4	1	испуг
827	4	1	июнь
828	4	1	какой-либо
829	4	1	карта
830	4	1	кинуть
831	4	1	коллекция
832	4	1	комбайн
833	4	1	комната
834	4	1	копать
835	4	1	короткий
836	4	1	красивый
837	4	1	крест
838	4	1	кровь
839	4	1	куда-то
840	4	1	кухня
841	4	1	лезть
842	4	1	ленный
843	4	1	ляп
844	4	1	мамка
845	4	1	мгм
846	4	1	местность
847	4	1	минимум
848	4	1	михаил
849	4	1	мол
850	4	1	молоко
851	4	1	мысль
852	4	1	мыться
853	4	1	мясо
854	4	1	надеть
855	4	1	надоесть
856	4	1	налаять
857	4	1	насколько
858	4	1	настоящий
859	4	1	наталья
860	4	1	научиться
861	4	1	национальный
862	4	1	некогда
863	4	1	непригодный
864	4	1	нигде
865	4	1	николай
866	4	1	обращение
867	4	1	общаться
868	4	1	объяснять
869	4	1	обязательный
870	4	1	одновременный
871	4	1	оказаться
872	4	1	олимпиада
873	4	1	особенно
874	4	1	оставаться
875	4	1	остальной
876	4	1	остановиться
877	4	1	ответ
878	4	1	открывать
879	4	1	открыть
880	4	1	относиться
881	4	1	педагог
882	4	1	перевозить
883	4	1	перейти
884	4	1	период
885	4	1	план
886	4	1	платок
887	4	1	платье
888	4	1	плюх
889	4	1	по-другому
890	4	1	поверить
891	4	1	поддерживать
892	4	1	подойти
893	4	1	позвонить
894	4	1	показывать
895	4	1	покупать
896	4	1	политик
897	4	1	поменяться
898	4	1	понужать
899	4	1	пообщаться
900	4	1	походить
901	4	1	почто
902	4	1	представить
903	4	1	прекрасно
904	4	1	преступление
905	4	1	привет
906	4	1	привыкнуть
907	4	1	придумать
908	4	1	примат
909	4	1	продавать
910	4	1	продать
911	4	1	продовольствие
912	4	1	произойти
913	4	1	промышленный
914	4	1	профессиональный
915	4	1	прямой
916	4	1	прятаться
917	4	1	психолог
918	4	1	пустить
919	4	1	пхать
920	4	1	пятый
921	4	1	рабочий
922	4	1	радоваться
923	4	1	развал
924	4	1	развиваться
925	4	1	райкомат
926	4	1	расстрелять
927	4	1	расти
928	4	1	региональный
929	4	1	решение
930	4	1	рижский
931	4	1	родной
932	4	1	рокер
933	4	1	роль
934	4	1	ругать
935	4	1	сахар
936	4	1	сегодняшний
937	4	1	седьмой
938	4	1	сей
939	4	1	секрет
940	4	1	семидесятый
941	4	1	сестра
942	4	1	скот
943	4	1	следить
944	4	1	слеза
945	4	1	слышный
946	4	1	сниться
947	4	1	собрать
948	4	1	собраться
949	4	1	совет
950	4	1	совместный
951	4	1	совпасть
952	4	1	соловей
953	4	1	солома
954	4	1	соседка
955	4	1	специально
956	4	1	список
957	4	1	сплав
958	4	1	спорт
959	4	1	среди
960	4	1	ставить
961	4	1	ствол
962	4	1	стена
963	4	1	существовать
964	4	1	сыпать
965	4	1	таракан
966	4	1	товарищ
967	4	1	топить
968	4	1	торец
969	4	1	точка
970	4	1	трасса
971	4	1	тренер
972	4	1	триллион
973	4	1	трое
974	4	1	троллейбус
975	4	1	труд
976	4	1	тяп
977	4	1	узнавать
978	4	1	улей
979	4	1	уровень
980	4	1	урождать
981	4	1	урок
982	4	1	усиление
983	4	1	успеть
984	4	1	уставать
985	4	1	устроить
986	4	1	учебный
987	4	1	федеральный
988	4	1	хомутово
989	4	1	хотеться
990	4	1	ценный
991	4	1	четырнадцать
992	4	1	чувашский
993	4	1	што
994	4	1	ща
995	4	1	экспедиция
996	4	1	эпидемия
997	4	1	этаж
998	4	1	ягибошна
999	3	1	-й
1000	3	1	ielts
1001	3	1	аварийный
1002	3	1	август
1003	3	1	австриец
1004	3	1	агенство
1005	3	1	ай
1006	3	1	активно
1007	3	1	активный
1008	3	1	аллах
1009	3	1	америка
1010	3	1	андерграунд
1011	3	1	араповка
1012	3	1	армия
1013	3	1	баклажан
1014	3	1	банк
1015	3	1	барка
1016	3	1	беречь
1017	3	1	богатый
1018	3	1	богородица
1019	3	1	борки
1020	3	1	буряк
1021	3	1	быстро
1022	3	1	вакцинировать
1023	3	1	васильевич
1024	3	1	ваще
1025	3	1	вдохновлять
1026	3	1	век
1027	3	1	вера
1028	3	1	ветка
1029	3	1	вечный
1030	3	1	взгляд
1031	3	1	взорвать
1032	3	1	взятка
1033	3	1	виктор
1034	3	1	владивосток
1035	3	1	внутри
1036	3	1	вобще
1037	3	1	водитель
1038	3	1	возникать
1039	3	1	войти
1040	3	1	восемнадцатый
1041	3	1	восемнадцать
1042	3	1	воспоминание
1043	3	1	восточный
1044	3	1	впервые
1045	3	1	впечатление
1046	3	1	вполне
1047	3	1	всего
1048	3	1	вундеркинд
1049	3	1	вымыть
1050	3	1	выработать
1051	3	1	высота
1052	3	1	выставка
1053	3	1	выступать
1054	3	1	вязать
1055	3	1	гараж
1056	3	1	гачи
1057	3	1	гектар
1058	3	1	генотип
1059	3	1	герой
1060	3	1	главное
1061	3	1	голова
1062	3	1	гора
1063	3	1	горло
1064	3	1	городской
1065	3	1	гостья
1066	3	1	грамота
1067	3	1	грамотный
1068	3	1	грустный
1069	3	1	гулять
1070	3	1	гумно
1071	3	1	девяностый
1072	3	1	девятилетний
1073	3	1	девятнадцать
1074	3	1	девятьсот
1075	3	1	десна
1076	3	1	детки
1077	3	1	днепр
1078	3	1	добиваться
1079	3	1	добиться
1080	3	1	довести
1081	3	1	довольно
1082	3	1	долгий
1083	3	1	должность
1084	3	1	домашний
1085	3	1	доставлять
1086	3	1	доходить
1087	3	1	дочерь
1088	3	1	древний
1089	3	1	дюже
1090	3	1	европа
1091	3	1	европейский
1092	3	1	ежедневно
1093	3	1	елочка
1094	3	1	енот
1095	3	1	живица
1096	3	1	журналист
1097	3	1	завтрак
1098	3	1	заканчиваться
1099	3	1	закатить
1100	3	1	закончиться
1101	3	1	закрываться
1102	3	1	закрючье
1103	3	1	заменивать
1104	3	1	зарослов
1105	3	1	заставить
1106	3	1	захотеть
1107	3	1	звонить
1108	3	1	значение
1109	3	1	золото
1110	3	1	идея
1111	3	1	известный
1112	3	1	изучать
1113	3	1	иногда
1114	3	1	инстаграм
1115	3	1	институт
1116	3	1	ирина
1117	3	1	испугаться
1118	3	1	кабардино-балкария
1119	3	1	казань
1120	3	1	карман
1121	3	1	картина
1122	3	1	кашица
1123	3	1	квартал
1124	3	1	квартира
1125	3	1	кипелово
1126	3	1	кирпич
1127	3	1	кой
1128	3	1	коклюшка
1129	3	1	количество
1130	3	1	коллега
1131	3	1	команда
1132	3	1	комедия
1133	3	1	конкуренция
1134	3	1	кончить
1135	3	1	копейка
1136	3	1	кормить
1137	3	1	кроме
1138	3	1	кругом
1139	3	1	крышка
1140	3	1	кто-нибудь
1141	3	1	кувшинчик
1142	3	1	курс
1143	3	1	лампадка
1144	3	1	легкий
1145	3	1	лен
1146	3	1	лететь
1147	3	1	литература
1148	3	1	лицо
1149	3	1	маршрут
1150	3	1	математик
1151	3	1	материал
1152	3	1	матушка
1153	3	1	мгхм
1154	3	1	менять
1155	3	1	местный
1156	3	1	механизм
1157	3	1	миллиард
1158	3	1	мимо
1159	3	1	минус
1160	3	1	мичурин
1161	3	1	многое
1162	3	1	молвить
1163	3	1	молодость
1164	3	1	муниципальный
1165	3	1	налить
1166	3	1	настолько
1167	3	1	наташа
1168	3	1	национально-культурный
1169	3	1	невозможный
1170	3	1	нема
1171	3	1	немножечко
1172	3	1	неплохой
1173	3	1	неправильно
1174	3	1	неправильный
1175	3	1	нехотеевка
1176	3	1	нижний
1177	3	1	никуда
1178	3	1	ничего
1179	3	1	ниша
1180	3	1	нрзд
1181	3	1	нуль
1182	3	1	нынешний
1183	3	1	обманывать
1184	3	1	обмен
1185	3	1	образно
1186	3	1	обращаться
1187	3	1	обсуждать
1188	3	1	общественный
1189	3	1	объект
1190	3	1	обычно
1191	3	1	овсеный
1192	3	1	одеть
1193	3	1	одиннадцать
1194	3	1	однажды
1195	3	1	ознакомиться
1196	3	1	округа
1197	3	1	олечка
1198	3	1	орган
1199	3	1	осень
1200	3	1	осмеять
1201	3	1	отвечать
1202	3	1	отдавать
1203	3	1	отдыхать
1204	3	1	открываться
1205	3	1	открытый
1206	3	1	относительно
1207	3	1	отсюда
1208	3	1	отчасти
1209	3	1	офис
1210	3	1	охотиться
1211	3	1	охотничий
1212	3	1	павел
1213	3	1	палец
1214	3	1	пальма
1215	3	1	пара
1216	3	1	парк
1217	3	1	переехать
1218	3	1	перемена
1219	3	1	перемешаться
1220	3	1	перепелка
1221	3	1	пересадка
1222	3	1	петлюровец
1223	3	1	платить
1224	3	1	плечо
1225	3	1	плыть
1226	3	1	по-народному
1227	3	1	повториться
1228	3	1	подавать
1229	3	1	поделить
1230	3	1	подкидывать
1231	3	1	подобный
1232	3	1	подождать
1233	3	1	подруга
1234	3	1	подсказать
1235	3	1	поезжать
1236	3	1	пожить
1237	3	1	позволять
1238	3	1	поздно
1239	3	1	поздравлять
1240	3	1	политический
1241	3	1	помиловать
1242	3	1	понятие
1243	3	1	попасться
1244	3	1	порча
1245	3	1	поскольку
1246	3	1	послушать
1247	3	1	посоветовать
1248	3	1	почему-то
1249	3	1	правило
1250	3	1	предмет
1251	3	1	предположить
1252	3	1	президент
1253	3	1	признак
1254	3	1	прийтись
1255	3	1	приморский
1256	3	1	принести
1257	3	1	принимать
1258	3	1	принять
1259	3	1	природа
1260	3	1	приятный
1261	3	1	проводить
1262	3	1	продовольственный
1263	3	1	продукт
1264	3	1	прожить
1265	3	1	прозвище
1266	3	1	производство
1267	3	1	прочитать
1268	3	1	пускать
1269	3	1	пчела
1270	3	1	пятьсот
1271	3	1	разве
1272	3	1	развитие
1273	3	1	разлука
1274	3	1	разумный
1275	3	1	раньше
1276	3	1	речка
1277	3	1	речь
1278	3	1	робить
1279	3	1	рода
1280	3	1	рождаться
1281	3	1	ростов
1282	3	1	рот
1283	3	1	рубаха
1284	3	1	ружье
1285	3	1	руководитель
1286	3	1	ручка
1287	3	1	рынок
1288	3	1	сварить
1289	3	1	свинья
1290	3	1	сгребать
1291	3	1	селедка
1292	3	1	семейный
1293	3	1	сергей
1294	3	1	сеять
1295	3	1	скорее
1296	3	1	скоро
1297	3	1	скучный
1298	3	1	слава
1299	3	1	слишком
1300	3	1	сложить
1301	3	1	случайно
1302	3	1	слушаться
1303	3	1	смена
1304	3	1	смешной
1305	3	1	смеяться
1306	3	1	сниматься
1307	3	1	соболь
1308	3	1	совершать
1309	3	1	совещание
1310	3	1	современный
1311	3	1	содержание
1312	3	1	соседний
1313	3	1	составить
1314	3	1	сплавляться
1315	3	1	спортивный
1316	3	1	спортсмен
1317	3	1	спрыснуть
1318	3	1	стадия
1319	3	1	сталкиваться
1320	3	1	столица
1321	3	1	структура
1322	3	1	сухостой
1323	3	1	сфера
1324	3	1	сходный
1325	3	1	съемка
1326	3	1	т
1327	3	1	таджик
1328	3	1	таксист
1329	3	1	татарский
1330	3	1	телевидение
1331	3	1	темный
1332	3	1	толпа
1333	3	1	традиция
1334	3	1	третник
1335	3	1	тринадцать
1336	3	1	турция
1337	3	1	тута
1338	3	1	тянуть
1339	3	1	убить
1340	3	1	увезти
1341	3	1	угроза
1342	3	1	укладывать
1343	3	1	уметь
1344	3	1	университет
1345	3	1	упасть
1346	3	1	усердие
1347	3	1	условие
1348	3	1	уходить
1349	3	1	факт
1350	3	1	федерация
1351	3	1	фильм
1352	3	1	финский
1353	3	1	фраза
1354	3	1	фронт
1355	3	1	хлеб
1356	3	1	хозяйство
1357	3	1	холодный
1358	3	1	ценить
1359	3	1	центральный
1360	3	1	человечество
1361	3	1	чемпионат
1362	3	1	чистый
1363	3	1	чувствовать
1364	3	1	чуть-чуть
1365	3	1	шевчук
1366	3	1	шестой
1367	3	1	школьник
1368	3	1	шоб
1369	3	1	шутка
1370	3	1	ще
1371	3	1	экологический
1372	3	1	являться
1373	3	1	ясно
1374	3	1	ящик
1375	2	1	--
1376	2	1	а-ля
1377	2	1	автономный
1378	2	1	автор
1379	2	1	агроном
1380	2	1	агрономия
1381	2	1	адонис
1382	2	1	азербайджанец
1383	2	1	азия
1384	2	1	алейкум
1385	2	1	александр
1386	2	1	александровна
1387	2	1	алексеевич
1388	2	1	алексей
1389	2	1	альбицкий
1390	2	1	амбар
1391	2	1	анатольевич
1392	2	1	ангарск
1393	2	1	андрюшка
1394	2	1	антонина
1395	2	1	апплодисменты
1396	2	1	араб
1397	2	1	археология
1398	2	1	ассистент
1399	2	1	ассоциироваться
1400	2	1	аха
1401	2	1	бабуля
1402	2	1	банальный
1403	2	1	баннерный
1404	2	1	бас
1405	2	1	басхан
1406	2	1	батько
1407	2	1	бедный
1408	2	1	безусловно
1409	2	1	беларусь
1410	2	1	белоруссия
1411	2	1	берег
1412	2	1	бес
1413	2	1	бесконечный
1414	2	1	беспокоиться
1415	2	1	бессоновский
1416	2	1	биться
1417	2	1	бледный
1418	2	1	близкий
1419	2	1	близко
1420	2	1	боец
1421	2	1	божий
1422	2	1	бой
1423	2	1	болгария
1424	2	1	болото
1425	2	1	болтать
1426	2	1	бомба
1427	2	1	бородатый
1428	2	1	ботинок
1429	2	1	браться
1430	2	1	бригада
1431	2	1	будущий
1432	2	1	буква
1433	2	1	бухарка
1434	2	1	бык
1435	2	1	валяться
1436	2	1	вариант
1437	2	1	варить
1438	2	1	васильюшка
1439	2	1	вводить
1440	2	1	ввязаться
1441	2	1	вдвоем
1442	2	1	вдоль
1443	2	1	вдохновение
1444	2	1	великий
1445	2	1	верно
1446	2	1	верх
1447	2	1	весна
1448	2	1	ветеран
1449	2	1	вздыхает
1450	2	1	взяточничество
1451	2	1	взяться
1452	2	1	видать
1453	2	1	видео
1454	2	1	вино
1455	2	1	виноватый
1456	2	1	владикавказ
1457	2	1	владимировна
1458	2	1	вместо
1459	2	1	внешний
1460	2	1	внимательно
1461	2	1	во-вторых
1462	2	1	водиться
1463	2	1	водичка
1464	2	1	военный
1465	2	1	возвращаться
1466	2	1	воздух
1467	2	1	возле
1468	2	1	возникнуть
1469	2	1	возничий
1470	2	1	волга
1471	2	1	волк
1472	2	1	вопще
1473	2	1	восвояси
1474	2	1	воспитанник
1475	2	1	вперед
1476	2	1	вплодать
1477	2	1	врать
1478	2	1	врач
1479	2	1	временный
1480	2	1	вряд
1481	2	1	вселенная
1482	2	1	вспоминать
1483	2	1	встретить
1484	2	1	встреча
1485	2	1	вход
1486	2	1	выглядеть
1487	2	1	выгодный
1488	2	1	выдавать
1489	2	1	выдать
1490	2	1	выдрать
1491	2	1	вызвать
1492	2	1	вылететь
1493	2	1	выпить
1494	2	1	выпускать
1495	2	1	вырасти
1496	2	1	выскочить
1497	2	1	вытащить
1498	2	1	вытянуть
1499	2	1	гагарин
1500	2	1	гадкий
1501	2	1	гвардия
1502	2	1	георгиевич
1503	2	1	геракл
1504	2	1	глазоньки
1505	2	1	глубоко
1506	2	1	глупость
1507	2	1	глупый
1508	2	1	глядеть
1509	2	1	глянуть
1510	2	1	голодный
1511	2	1	гораздо
1512	2	1	государственный
1513	2	1	гражданин
1514	2	1	график
1515	2	1	грубо
1516	2	1	грязный
1517	2	1	гусь
1518	2	1	д
1519	2	1	далекий
1520	2	1	дальнейший
1521	2	1	дача
1522	2	1	двенадцатый
1523	2	1	двое
1524	2	1	девица
1525	2	1	девчонка
1526	2	1	действие
1527	2	1	денежный
1528	2	1	держаться
1529	2	1	десяток
1530	2	1	десятый
1531	2	1	деталь
1532	2	1	джахиль
1533	2	1	дзынь
1534	2	1	дивиться
1535	2	1	дискотека
1536	2	1	длиться
1537	2	1	добыча
1538	2	1	доделывать
1539	2	1	доктор
1540	2	1	долматов
1541	2	1	домик
1542	2	1	дополнительный
1543	2	1	дорогова
1544	2	1	достаться
1545	2	1	достойно
1546	2	1	достойный
1547	2	1	доступ
1548	2	1	доувлажнять
1549	2	1	дробь
1550	2	1	дрова
1551	2	1	дух
1552	2	1	еда
1553	2	1	ельцин
1554	2	1	еп
1555	2	1	жалованье
1556	2	1	желтенький
1557	2	1	животное
1558	2	1	жилой
1559	2	1	жириновский
1560	2	1	житься
1561	2	1	жнейка
1562	2	1	забирать
1563	2	1	забыть
1564	2	1	заварка
1565	2	1	зависеть
1566	2	1	завязать
1567	2	1	заговариваться
1568	2	1	заготовить
1569	2	1	задаться
1570	2	1	задержать
1571	2	1	заехать
1572	2	1	заменять
1573	2	1	замок
1574	2	1	занести
1575	2	1	занимать
1576	2	1	запаривать
1577	2	1	записывать
1578	2	1	заплатить
1579	2	1	заправка
1580	2	1	заработать
1581	2	1	заработок
1582	2	1	заранее
1583	2	1	засев
1584	2	1	заслуга
1585	2	1	зачастую
1586	2	1	зверь
1587	2	1	звонок
1588	2	1	здорово
1589	2	1	землянка
1590	2	1	зимний
1591	2	1	знание
1592	2	1	зубной
1593	2	1	игорь
1594	2	1	изменение
1595	2	1	имя
1596	2	1	инглина
1597	2	1	инструмент
1598	2	1	интеллект
1599	2	1	интерес
1600	2	1	информация
1601	2	1	иркутск
1602	2	1	исключать
1603	2	1	ислам
1604	2	1	итоговый
1605	2	1	кабинет
1606	2	1	кайф
1607	2	1	кампания
1608	2	1	капуцин
1609	2	1	карачаевский
1610	2	1	картошка
1611	2	1	касаться
1612	2	1	катя
1613	2	1	кацавейка
1614	2	1	квалификация
1615	2	1	квн
1616	2	1	кидаться
1617	2	1	кизяк
1618	2	1	кило
1619	2	1	килограмм
1620	2	1	кино
1621	2	1	клан
1622	2	1	класть
1623	2	1	кое-какой
1624	2	1	колодец
1625	2	1	комик
1626	2	1	коммунист
1627	2	1	комплекс
1628	2	1	константин
1629	2	1	конь
1630	2	1	коренной
1631	2	1	корень
1632	2	1	кормоцех
1633	2	1	косить
1634	2	1	костюм
1635	2	1	кот
1636	2	1	котомочек
1637	2	1	крайний
1638	2	1	крепкий
1639	2	1	крестик
1640	2	1	крик
1641	2	1	критик
1642	2	1	крыша
1643	2	1	куда-нибудь
1644	2	1	куковать
1645	2	1	кукуруза
1646	2	1	курица
1647	2	1	куча
1648	2	1	лампа
1649	2	1	лапоток
1650	2	1	лаять
1651	2	1	легендарный
1652	2	1	лепиться
1653	2	1	летучий
1654	2	1	лечь
1655	2	1	линия
1656	2	1	литературный
1657	2	1	лихорадка
1658	2	1	лишек
1659	2	1	лишить
1660	2	1	лишний
1661	2	1	ложить
1662	2	1	ложка
1663	2	1	лопата
1664	2	1	лось
1665	2	1	люберцы
1666	2	1	любовь
1667	2	1	майор
1668	2	1	максим
1669	2	1	маланьюшка
1670	2	1	мальчик
1671	2	1	мамин
1672	2	1	март
1673	2	1	маршаллах
1674	2	1	массовый
1675	2	1	мастерская
1676	2	1	махачкала
1677	2	1	мгу
1678	2	1	медицина
1679	2	1	мелкий
1680	2	1	меньший
1681	2	1	местечко
1682	2	1	металл
1683	2	1	мечеть
1684	2	1	минута
1685	2	1	михал
1686	2	1	мнение
1687	2	1	молодец
1688	2	1	морально
1689	2	1	морозить
1690	2	1	мука
1691	2	1	муромский
1692	2	1	мусульманин
1693	2	1	мыслить
1694	2	1	мышиный
1695	2	1	мышь
1696	2	1	мэр
1697	2	1	навестить
1698	2	1	над
1699	2	1	наделать
1700	2	1	надеяться
1701	2	1	надобность
1702	2	1	накрик
1703	2	1	нанимать
1704	2	1	направить
1705	2	1	напустить
1706	2	1	народный
1707	2	1	наряжаться
1708	2	1	наряживаться
1709	2	1	настроение
1710	2	1	натаскать
1711	2	1	натура
1712	2	1	натюрморт
1713	2	1	натянуть
1714	2	1	научить
1715	2	1	научно-исследовательский
1716	2	1	начальник
1717	2	1	небо
1718	2	1	невеликий
1719	2	1	невеста
1720	2	1	недавно
1721	2	1	незнайка
1722	2	1	некрашово
1723	2	1	неладный
1724	2	1	немытый
1725	2	1	непривычный
1726	2	1	нерентабельный
1727	2	1	несмотря
1728	2	1	неудобный
1729	2	1	неурожайный
1730	2	1	никчемность
1731	2	1	ноль
1732	2	1	номер
1733	2	1	оба
1734	2	1	обедать
1735	2	1	обучение
1736	2	1	общество
1737	2	1	общительный
1738	2	1	объем
1739	2	1	обычный
1740	2	1	овца
1741	2	1	огородить
1742	2	1	ограничение
1743	2	1	одинаковый
1744	2	1	ожидать
1745	2	1	озеро
1746	2	1	оказываться
1747	2	1	окончить
1748	2	1	окрестность
1749	2	1	окружающие
1750	2	1	оой
1751	2	1	ооо
1752	2	1	опасность
1753	2	1	опека
1754	2	1	оплатить
1755	2	1	оправа
1756	2	1	определение
1757	2	1	определять
1758	2	1	организм
1759	2	1	организовывать
1760	2	1	освободить
1761	2	1	осетия
1762	2	1	особенность
1763	2	1	остановка
1764	2	1	отвести
1765	2	1	ответить
1766	2	1	отдел
1767	2	1	отдельный
1768	2	1	откровенно
1769	2	1	открытость
1770	2	1	отличный
1771	2	1	отметить
1772	2	1	отмечать
1773	2	1	отправить
1774	2	1	отпустить
1775	2	1	отрабатывать
1776	2	1	отступать
1777	2	1	отчество
1778	2	1	оч
1779	2	1	п
1780	2	1	памятник
1781	2	1	память
1782	2	1	пандемия
1783	2	1	папка
1784	2	1	парамоныч
1785	2	1	парана
1786	2	1	пари
1787	2	1	паром
1788	2	1	партизан
1789	2	1	партизанский
1790	2	1	патов
1791	2	1	пауза
1792	2	1	паша
1793	2	1	пашня
1794	2	1	пена
1795	2	1	перебирать
1796	2	1	переезжать
1797	2	1	переправа
1798	2	1	пермь
1799	2	1	петербург
1800	2	1	пехота
1801	2	1	питание
1802	2	1	питаться
1803	2	1	питер
1804	2	1	плавать
1805	2	1	планировать
1806	2	1	пластиковый
1807	2	1	племянник
1808	2	1	плен
1809	2	1	плуг
1810	2	1	плюнуть
1811	2	1	плюс
1812	2	1	по-азербайджански
1813	2	1	по-русски
1814	2	1	по-фински
1815	2	1	побежать
1816	2	1	поболтать
1817	2	1	повторяться
1818	2	1	погибнуть
1819	2	1	подать
1820	2	1	поддержать
1821	2	1	поди
1822	2	1	подлупливать
1823	2	1	подниматься
1824	2	1	подобрать
1825	2	1	подранок
1826	2	1	позиция
1827	2	1	познакомиться
1828	2	1	позорить
1829	2	1	поискать
1830	2	1	полгода
1831	2	1	полезный
1832	2	1	полиомиелит
1833	2	1	полтора
1834	2	1	пользоваться
1835	2	1	помидор
1836	2	1	помириться
1837	2	1	помощь
1838	2	1	попадать
1839	2	1	попытка
1840	2	1	поросенок
1841	2	1	поросеночек
1842	2	1	поругаться
1843	2	1	поручень
1844	2	1	посещать
1845	2	1	построить
1846	2	1	поступать
1847	2	1	посуда
1848	2	1	потеря
1849	2	1	потерять
1850	2	1	потихонечку
1851	2	1	поход
1852	2	1	похоронный
1853	2	1	почистить
1854	2	1	почитать
1855	2	1	появляться
1856	2	1	право
1857	2	1	правоохранительный
1858	2	1	преграда
1859	2	1	предложение
1860	2	1	предложить
1861	2	1	предок
1862	2	1	председатель
1863	2	1	представитель
1864	2	1	предупреждать
1865	2	1	прерогатива
1866	2	1	прибирать
1867	2	1	прибыть
1868	2	1	прививка
1869	2	1	привозить
1870	2	1	привычный
1871	2	1	приглашать
1872	2	1	приготовить
1873	2	1	прикормка
1874	2	1	прилететь
1875	2	1	примерно
1876	2	1	принадлежать
1877	2	1	приносить
1878	2	1	приставать
1879	2	1	приятель
1880	2	1	проводиться
1881	2	1	продолжать
1882	2	1	проживать
1883	2	1	прокопенко
1884	2	1	пространство
1885	2	1	протест
1886	2	1	профессия
1887	2	1	проходной
1888	2	1	проявляться
1889	2	1	пружина
1890	2	1	прыгать
1891	2	1	психика
1892	2	1	психологически
1893	2	1	психология
1894	2	1	психфак
1895	2	1	птицесовхоз
1896	2	1	путин
1897	2	1	пчеловод
1898	2	1	пятница
1899	2	1	работник
1900	2	1	радовать
1901	2	1	разбить
1902	2	1	разговор
1903	2	1	разгонять
1904	2	1	раздувать
1905	2	1	разместить
1906	2	1	разница
1907	2	1	разрезать
1908	2	1	разрешить
1909	2	1	разрывать
1910	2	1	разум
1911	2	1	разумность
1912	2	1	рассматривать
1913	2	1	рассчитывать
1914	2	1	рацион
1915	2	1	рвать
1916	2	1	ребятишки
1917	2	1	ревность
1918	2	1	регион
1919	2	1	рейтинг
1920	2	1	река
1921	2	1	рекламный
1922	2	1	рекомендовать
1923	2	1	рекреационный
1924	2	1	религия
1925	2	1	реставрация
1926	2	1	решать
1927	2	1	рожь
1928	2	1	розыск
1929	2	1	роман
1930	2	1	румыния
1931	2	1	рус
1932	2	1	ручей
1933	2	1	садовать
1934	2	1	салам
1935	2	1	самолет
1936	2	1	самостоятельный
1937	2	1	сафоново
1938	2	1	свекор
1939	2	1	сверху
1940	2	1	светлый
1941	2	1	свист
1942	2	1	свободный
1943	2	1	сглазить
1944	2	1	сдать
1945	2	1	се
1946	2	1	северный
1947	2	1	сезон
1948	2	1	семьдесят
1949	2	1	сергеевна
1950	2	1	сердце
1951	2	1	сериал
1952	2	1	серьезно
1953	2	1	сказочка
1954	2	1	сквер
1955	2	1	скирдовать
1956	2	1	скотина
1957	2	1	славный
1958	2	1	сладкий
1959	2	1	снять
1960	2	1	собираться
1961	2	1	совершиться
1962	2	1	сой
1963	2	1	солнце
1964	2	1	сомнение
1965	2	1	сопружение
1966	2	1	сопряжение
1967	2	1	сороковой
1968	2	1	состав
1969	2	1	соцработник
1970	2	1	сочи
1971	2	1	соя
1972	2	1	спасти
1973	2	1	специалист
1974	2	1	спокойно
1975	2	1	спокойный
1976	2	1	способный
1977	2	1	способствовать
1978	2	1	среда
1979	2	1	средства
1980	2	1	средство
1981	2	1	сс
1982	2	1	стаж
1983	2	1	старинный
1984	2	1	старушка
1985	2	1	статья
1986	2	1	стекло
1987	2	1	степанида
1988	2	1	стесняться
1989	2	1	стечение
1990	2	1	стол
1991	2	1	страсть
1992	2	1	страшно
1993	2	1	страшный
1994	2	1	стрелять
1995	2	1	су
1996	2	1	суббота
1997	2	1	субханаллах
1998	2	1	судьба
1999	2	1	сундук
2000	2	1	супруг
2001	2	1	супруга
2002	2	1	сухой
2003	2	1	существо
2004	2	1	схоронить
2005	2	1	сыч
2006	2	1	та
2007	2	1	таковой
2008	2	1	такси
2009	2	1	тама
2010	2	1	танцевать
2011	2	1	таскать
2012	2	1	творить
2013	2	1	творог
2014	2	1	те
2015	2	1	текст
2016	2	1	телефон
2017	2	1	тело
2018	2	1	тема
2019	2	1	темно
2020	2	1	тесть
2021	2	1	течение
2022	2	1	тиф
2023	2	1	товарооборот
2024	2	1	толока
2025	2	1	толстовский
2026	2	1	тормоз
2027	2	1	тратить
2028	2	1	тренерский
2029	2	1	трогать
2030	2	1	трудный
2031	2	1	ту
2032	2	1	туалет
2033	2	1	тупо
2034	2	1	турист
2035	2	1	убегать
2036	2	1	убивать
2037	2	1	убийство
2038	2	1	увлажнение
2039	2	1	уделяться
2040	2	1	удобрение
2041	2	1	удобрить
2042	2	1	удостоверение
2043	2	1	уезжать
2044	2	1	ужасный
2045	2	1	ум
2046	2	1	уместный
2047	2	1	умирать
2048	2	1	умышленно
2049	2	1	упражнение
2050	2	1	урожай
2051	2	1	усвоить
2052	2	1	устраивать
2053	2	1	уу
2054	2	1	ууу
2055	2	1	уфа
2056	2	1	ухаживать
2057	2	1	ученик
2058	2	1	фазенда
2059	2	1	фаина
2060	2	1	фактически
2061	2	1	фальшивый
2062	2	1	физика
2063	2	1	физический
2064	2	1	фонд
2065	2	1	форма
2066	2	1	формулировка
2067	2	1	форум
2068	2	1	фотография
2069	2	1	хватить
2070	2	1	химия
2071	2	1	хлопец
2072	2	1	хозяин
2073	2	1	хранить
2074	2	1	цветочек
2075	2	1	цифра
2076	2	1	чей
2077	2	1	честно
2078	2	1	чеченец
2079	2	1	число
2080	2	1	чистить
2081	2	1	чо
2082	2	1	чувашия
2083	2	1	чувство
2084	2	1	чудесно
2085	2	1	чужой
2086	2	1	шабить
2087	2	1	шаг
2088	2	1	шаль
2089	2	1	шанс
2090	2	1	шар
2091	2	1	шашка
2092	2	1	школьница
2093	2	1	шото
2094	2	1	эволюция
2095	2	1	экономика
2096	2	1	экономист
2097	2	1	этак
2098	2	1	этакий
2099	2	1	этнография
2100	2	1	ювелир
2101	2	1	юлька
2102	2	1	юмор
2103	2	1	юношество
2104	2	1	юный
2105	2	1	юрист
2106	2	1	ягодка
2107	2	1	як
2108	2	1	який
2109	2	1	якобы
2110	1	1	agricultura
2111	1	1	calcário
2112	1	1	de
2113	1	1	precisão
2114	1	1	toefl
2115	1	1	underground
2116	1	1	youtube
2117	1	1	а-а
2118	1	1	а-а-а
2119	1	1	а-э
2120	1	1	а-э-а-э
2121	1	1	аааа
2122	1	1	ааам
2123	1	1	аах
2124	1	1	автобус
2125	1	1	автоворонка
2126	1	1	автостанция
2127	1	1	агентство
2128	1	1	агрикультура
2129	1	1	адреналин
2130	1	1	адресовать
2131	1	1	азбука
2132	1	1	азербайджан
2133	1	1	айлтс
2134	1	1	айти
2135	1	1	аккаунт
2136	1	1	актуальный
2137	1	1	акция
2138	1	1	алиса
2139	1	1	алчный
2140	1	1	ам
2141	1	1	ан
2142	1	1	аналитика
2143	1	1	анастасия
2144	1	1	ангарский
2145	1	1	ангел
2146	1	1	андерграунд-комедия
2147	1	1	анекдот
2148	1	1	анкета
2149	1	1	антибиотик
2150	1	1	аоа
2151	1	1	аппарат
2152	1	1	аранжировка
2153	1	1	аргумент
2154	1	1	арсеньевна
2155	1	1	артистка
2156	1	1	архивный
2157	1	1	ассаламу
2158	1	1	аста
2159	1	1	астрономический
2160	1	1	ау
2161	1	1	аура
2162	1	1	афоризм
2163	1	1	ахнуть
2164	1	1	аэээ
2165	1	1	бабкин
2166	1	1	бабонька
2167	1	1	бабуся
2168	1	1	бабушкин
2169	1	1	байка
2170	1	1	бакалавриат
2171	1	1	баксан-басхан
2172	1	1	балакать
2173	1	1	балдеть
2174	1	1	бали
2175	1	1	балкарец
2176	1	1	балкон
2177	1	1	балл
2178	1	1	банально
2179	1	1	бараний
2180	1	1	барьер
2181	1	1	басан
2182	1	1	батьк
2183	1	1	баушка
2184	1	1	башкир
2185	1	1	башкирский
2186	1	1	башкортостан
2187	1	1	бежать
2188	1	1	безбоясый
2189	1	1	бездельник
2190	1	1	беззубый
2191	1	1	безногий
2192	1	1	белгород
2193	1	1	белиберда
2194	1	1	белок
2195	1	1	белье
2196	1	1	береза
2197	1	1	березка
2198	1	1	бесполезный
2199	1	1	беспощадный
2200	1	1	беспрецендентно
2201	1	1	беспрецендентный
2202	1	1	бессоновец
2203	1	1	библиотека
2204	1	1	бизнес
2205	1	1	бикбулатов
2206	1	1	биология
2207	1	1	благо
2208	1	1	благодарный
2209	1	1	благоприятный
2210	1	1	ближайший
2211	1	1	ближний
2212	1	1	блог
2213	1	1	блюдечко
2214	1	1	блять
2215	1	1	богатеть
2216	1	1	богородск
2217	1	1	бодрый
2218	1	1	боевой
2219	1	1	боже
2220	1	1	бок
2221	1	1	болезненно
2222	1	1	болочь
2223	1	1	болтаться
2224	1	1	больно
2225	1	1	больший
2226	1	1	большинство
2227	1	1	большущий
2228	1	1	бомбить
2229	1	1	бонус
2230	1	1	борис
2231	1	1	борковский
2232	1	1	борода
2233	1	1	босой
2234	1	1	боязный
2235	1	1	брак
2236	1	1	бракосочетание
2237	1	1	брелок
2238	1	1	бригадир
2239	1	1	бросить
2240	1	1	брюки
2241	1	1	бряночка
2242	1	1	буденновский
2243	1	1	буерак
2244	1	1	булавочка
2245	1	1	бумага
2246	1	1	бумажный
2247	1	1	бурак
2248	1	1	буран
2249	1	1	бурный
2250	1	1	буряток
2251	1	1	бухнуть
2252	1	1	буян
2253	1	1	бывший
2254	1	1	былое
2255	1	1	бытовой
2256	1	1	бычий
2257	1	1	вагон
2258	1	1	вай-фай
2259	1	1	валентий
2260	1	1	валмир
2261	1	1	варвар
2262	1	1	вата
2263	1	1	ввп
2264	1	1	вгонять
2265	1	1	вдова
2266	1	1	вдохновляться
2267	1	1	великолепный
2268	1	1	велосипед
2269	1	1	веник
2270	1	1	веревка
2271	1	1	верстаться
2272	1	1	вертушка
2273	1	1	верховье
2274	1	1	верхом
2275	1	1	веселиться
2276	1	1	весенний
2277	1	1	вестись
2278	1	1	весть
2279	1	1	ветврач
2280	1	1	вечно
2281	1	1	вешать
2282	1	1	взвиться
2283	1	1	взрыть
2284	1	1	видео-сообщение
2285	1	1	видеться
2286	1	1	видный
2287	1	1	визуализировать
2288	1	1	викторович
2289	1	1	вилка
2290	1	1	вина
2291	1	1	витька
2292	1	1	вихорь
2293	1	1	вкладывать
2294	1	1	вкратце
2295	1	1	вкусность
2296	1	1	вкусняцкий
2297	1	1	вкушать
2298	1	1	владеть
2299	1	1	влажность
2300	1	1	влить
2301	1	1	влюбленный
2302	1	1	вмешаться
2303	1	1	вмешиваться
2304	1	1	вниз
2305	1	1	внизу
2306	1	1	вникать
2307	1	1	вникнуть
2308	1	1	внимание
2309	1	1	вновь
2310	1	1	внучата
2311	1	1	внучок
2312	1	1	внучонок
2313	1	1	вовка
2314	1	1	вовнутрь
2315	1	1	воевать
2316	1	1	возможно
2317	1	1	возрастной
2318	1	1	вокзал
2319	1	1	волмир
2320	1	1	волна
2321	1	1	вологда
2322	1	1	вольный
2323	1	1	вона
2324	1	1	вонять
2325	1	1	воображение
2326	1	1	воровать
2327	1	1	воронеж
2328	1	1	воронежский
2329	1	1	воропанов
2330	1	1	ворохнуться
2331	1	1	восемнадцатилетний
2332	1	1	воспитать
2333	1	1	воспитывать
2334	1	1	воспользоваться
2335	1	1	воспринять
2336	1	1	восприятие
2337	1	1	воспрять
2338	1	1	восстановить
2339	1	1	восторг
2340	1	1	востребовать
2341	1	1	восьмидест
2342	1	1	восьмидесятый
2343	1	1	восьмисот
2344	1	1	вот-вот
2345	1	1	вошкаться
2346	1	1	вошь
2347	1	1	впереди
2348	1	1	впитать
2349	1	1	впитывать
2350	1	1	вполовину
2351	1	1	врасплох
2352	1	1	вред
2353	1	1	времечко
2354	1	1	вручную
2355	1	1	всероссийский
2356	1	1	всесторонне
2357	1	1	всеядный
2358	1	1	всмотреться
2359	1	1	всполошиться
2360	1	1	вставить
2361	1	1	вставлять
2362	1	1	встречаться
2363	1	1	вступить
2364	1	1	всё
2365	1	1	втихолку
2366	1	1	вторник
2367	1	1	входить
2368	1	1	вхождение
2369	1	1	выбирать
2370	1	1	выбить
2371	1	1	выборы
2372	1	1	вывезти
2373	1	1	вывеска
2374	1	1	вывести
2375	1	1	вывод
2376	1	1	выводить
2377	1	1	выговориться
2378	1	1	выдержать
2379	1	1	выдернуть
2380	1	1	выдумать
2381	1	1	выдумывать
2382	1	1	выезжать
2383	1	1	выехать
2384	1	1	выжать
2385	1	1	вызывать
2386	1	1	выкинуть
2387	1	1	выламывать
2388	1	1	вылечить
2389	1	1	выливать
2390	1	1	вылить
2391	1	1	вымирать
2392	1	1	вынести
2393	1	1	выносить
2394	1	1	вынудить
2395	1	1	вынужденный
2396	1	1	вынять
2397	1	1	выпадать
2398	1	1	выпивать
2399	1	1	выпилить
2400	1	1	выполнять
2401	1	1	выпускник
2402	1	1	выпустить
2403	1	1	выпутаться
2404	1	1	выражение
2405	1	1	вырастить
2406	1	1	вырыть
2407	1	1	высеять
2408	1	1	высказать
2409	1	1	высказывание
2410	1	1	выслушать
2411	1	1	выслушивать
2412	1	1	высмотреть
2413	1	1	высокий
2414	1	1	высоко
2415	1	1	выставить
2416	1	1	выступление
2417	1	1	вытаскивать
2418	1	1	вытирать
2419	1	1	выход
2420	1	1	выходец
2421	1	1	вычислить
2422	1	1	вышине
2423	1	1	выяснить
2424	1	1	вязанка
2425	1	1	гад
2426	1	1	гаджи
2427	1	1	газ
2428	1	1	галина
2429	1	1	гангстерский
2430	1	1	гар
2431	1	1	гармонька
2432	1	1	гармошка
2433	1	1	гвоздь
2434	1	1	генеральный
2435	1	1	география
2436	1	1	германия
2437	1	1	гиря
2438	1	1	гитара
2439	1	1	гладкоствольный
2440	1	1	глазить
2441	1	1	глазища
2442	1	1	глотать
2443	1	1	глухонемой
2444	1	1	гнать
2445	1	1	гнев
2446	1	1	гнездышко
2447	1	1	гнилой
2448	1	1	гной
2449	1	1	годиться
2450	1	1	голландец
2451	1	1	голод
2452	1	1	голодать
2453	1	1	голочелово
2454	1	1	гонять
2455	1	1	гордиться
2456	1	1	гореть
2457	1	1	гореться
2458	1	1	горешенко
2459	1	1	горница
2460	1	1	городище
2461	1	1	горький
2462	1	1	готовность
2463	1	1	грабить
2464	1	1	грабли
2465	1	1	град
2466	1	1	граница
2467	1	1	грань
2468	1	1	гриб
2469	1	1	григорий
2470	1	1	гроб
2471	1	1	грузить
2472	1	1	группировка
2473	1	1	грядка
2474	1	1	губернатор
2475	1	1	гувд
2476	1	1	гузеев
2477	1	1	гулянати
2478	1	1	гумерович
2479	1	1	гуриев
2480	1	1	гусев
2481	1	1	гхм
2482	1	1	да-да-да-да
2483	1	1	даваться
2484	1	1	давным-давно
2485	1	1	дай-й
2486	1	1	далековато
2487	1	1	дарища
2488	1	1	даром
2489	1	1	двигаться
2490	1	1	движение
2491	1	1	двоичный
2492	1	1	девушка
2493	1	1	делиться
2494	1	1	демонизация
2495	1	1	дендрарий
2496	1	1	денис
2497	1	1	дербент
2498	1	1	державин
2499	1	1	дескать
2500	1	1	десятеро
2501	1	1	детенок
2502	1	1	детишки
2503	1	1	деть
2504	1	1	деться
2505	1	1	деятельный
2506	1	1	джи
2507	1	1	джин
2508	1	1	джинсы
2509	1	1	джума-намаз
2510	1	1	диджеить
2511	1	1	диковинный
2512	1	1	диплом
2513	1	1	дипломатический
2514	1	1	диссертация
2515	1	1	дите
2516	1	1	длинненький
2517	1	1	дм
2518	1	1	дмитров
2519	1	1	дмитровлаг
2520	1	1	добавить
2521	1	1	добавлять
2522	1	1	добивать
2523	1	1	добро
2524	1	1	добывать
2525	1	1	добыть
2526	1	1	доверие
2527	1	1	доводить
2528	1	1	довольный
2529	1	1	договориться
2530	1	1	доезжать
2531	1	1	доить
2532	1	1	доказывание
2533	1	1	докапываться
2534	1	1	докторский
2535	1	1	документ
2536	1	1	долбино
2537	1	1	долг
2538	1	1	долгополов
2539	1	1	долетать
2540	1	1	должный
2541	1	1	долотказина
2542	1	1	доморадов
2543	1	1	донести
2544	1	1	доносить
2545	1	1	донышко
2546	1	1	дорабатывать
2547	1	1	дороженька
2548	1	1	доснимать
2549	1	1	доставать
2550	1	1	достать
2551	1	1	достижение
2552	1	1	доступно
2553	1	1	достучаться
2554	1	1	доувлажнить
2555	1	1	дофига
2556	1	1	доходчивый
2557	1	1	дохуя
2558	1	1	дразнить
2559	1	1	драться
2560	1	1	дремучий
2561	1	1	дровишки
2562	1	1	дружба
2563	1	1	дружественный
2564	1	1	дсп
2565	1	1	дуже
2566	1	1	думка
2567	1	1	дурной
2568	1	1	дуть
2569	1	1	духовницкий
2570	1	1	дь
2571	1	1	дэ
2572	1	1	дябдина
2573	1	1	дядя
2574	1	1	ев
2575	1	1	евросоюз
2576	1	1	евстахьич
2577	1	1	единый
2578	1	1	еженедельный
2579	1	1	езда
2580	1	1	екатерина
2581	1	1	ель
2582	1	1	ендалаа
2583	1	1	естественный
2584	1	1	ефимыч
2585	1	1	жалеть
2586	1	1	жалко
2587	1	1	жаловаться
2588	1	1	жареный
2589	1	1	жевский
2590	1	1	желанный
2591	1	1	желать
2592	1	1	железный
2593	1	1	желудок
2594	1	1	женитьба
2595	1	1	жениться
2596	1	1	женка
2597	1	1	жертва
2598	1	1	жесткий
2599	1	1	жестокий
2600	1	1	жилец
2601	1	1	жир
2602	1	1	жопа
2603	1	1	жрать
2604	1	1	з
2605	1	1	забайкальский
2606	1	1	забить
2607	1	1	заблудиться
2608	1	1	заболеваемость
2609	1	1	заболеть
2610	1	1	заборье
2611	1	1	заборья
2612	1	1	заботиться
2613	1	1	забросить
2614	1	1	завершение
2615	1	1	завесить
2616	1	1	зависать
2617	1	1	заводить
2618	1	1	завоевывать
2619	1	1	завязывать
2620	1	1	загар
2621	1	1	заглянуть
2622	1	1	заговор
2623	1	1	загоняться
2624	1	1	загорать
2625	1	1	загореть
2626	1	1	заготовка
2627	1	1	заготовлять
2628	1	1	зад
2629	1	1	задевать
2630	1	1	задний
2631	1	1	задник
2632	1	1	задремать
2633	1	1	задуматься
2634	1	1	зажить
2635	1	1	заиграть
2636	1	1	заика
2637	1	1	заикаться
2638	1	1	заканчивать
2639	1	1	закармливать
2640	1	1	закидывать
2641	1	1	закинуть
2642	1	1	закладывать
2643	1	1	заключенный
2644	1	1	законный
2645	1	1	законодательство
2646	1	1	законсервировать
2647	1	1	закопнить
2648	1	1	закрытый
2649	1	1	закрыть
2650	1	1	закрыться
2651	1	1	закусить
2652	1	1	закуска
2653	1	1	залежье
2654	1	1	залезать
2655	1	1	заливать
2656	1	1	заложить
2657	1	1	зам
2658	1	1	заменить
2659	1	1	замерзнуть
2660	1	1	заметить
2661	1	1	заметка
2662	1	1	замечательный
2663	1	1	замечать
2664	1	1	замешанный
2665	1	1	замещение
2666	1	1	замирать
2667	1	1	замужем
2668	1	1	занавеска
2669	1	1	западный
2670	1	1	записать
2671	1	1	заповедник
2672	1	1	заполнить
2673	1	1	заправлять
2674	1	1	запретить
2675	1	1	запрягать
2676	1	1	зарабатывание
2677	1	1	зараза
2678	1	1	зараньше
2679	1	1	зарасти
2680	1	1	зарегистрировать
2681	1	1	зарезать
2682	1	1	засадить
2683	1	1	заскирдовать
2684	1	1	заслона
2685	1	1	заставлять
2686	1	1	заставляться
2687	1	1	застаиваться
2688	1	1	застать
2689	1	1	затапливаться
2690	1	1	затопить
2691	1	1	заторнуть
2692	1	1	затрата
2693	1	1	затратить
2694	1	1	затруднить
2695	1	1	заузить
2696	1	1	захватить
2697	1	1	захет
2698	1	1	защитить
2699	1	1	защититься
2700	1	1	защищать
2701	1	1	заявка
2702	1	1	заяц
2703	1	1	звезда
2704	1	1	звучный
2705	1	1	зд
2706	1	1	здравие
2707	1	1	зеленый
2708	1	1	земляк
2709	1	1	земфира
2710	1	1	зерновые
2711	1	1	злой
2712	1	1	знак
2713	1	1	знакомиться
2714	1	1	значимый
2715	1	1	значительный
2716	1	1	золотой
2717	1	1	зона
2718	1	1	зосимовский
2719	1	1	зрение
2720	1	1	зритель
2721	1	1	зять
2722	1	1	иванович
2723	1	1	ивэнт
2724	1	1	игимново
2725	1	1	идеально
2726	1	1	идеальный
2727	1	1	избить
2728	1	1	избушка
2729	1	1	извечный
2730	1	1	извиняться
2731	1	1	извне
2732	1	1	издалека
2733	1	1	изнасиловать
2734	1	1	изначально
2735	1	1	изо
2736	1	1	изучаться
2737	1	1	изучение
2738	1	1	изъесть
2739	1	1	изъялово
2740	1	1	изъять
2741	1	1	иии
2742	1	1	икона
2743	1	1	илларион
2744	1	1	ильин
2745	1	1	илья
2746	1	1	имеретинка
2747	1	1	импровизационный
2748	1	1	инвалид
2749	1	1	инвентаризация
2750	1	1	ингуш
2751	1	1	индентификация
2752	1	1	индивидуальный
2753	1	1	иностранный
2754	1	1	инспектор
2755	1	1	институтский
2756	1	1	интересовать
2757	1	1	интересоваться
2758	1	1	интернационалист
2759	1	1	интернет-пользователь
2760	1	1	интимный
2761	1	1	инфраструктурный
2762	1	1	иншаллах
2763	1	1	иркутский
2764	1	1	искренне
2765	1	1	искусственный
2766	1	1	испечь
2767	1	1	исполнять
2768	1	1	испортиться
2769	1	1	исследователь
2770	1	1	исследовательский
2771	1	1	историк
2772	1	1	источник
2773	1	1	итак
2774	1	1	итог
2775	1	1	кабан
2776	1	1	кабардинец
2777	1	1	кадило
2778	1	1	кадр
2779	1	1	казино
2780	1	1	кайфовый
2781	1	1	как-будто
2782	1	1	как-нибудь
2783	1	1	калитка
2784	1	1	калкарио
2785	1	1	кандидат
2786	1	1	каникулы
2787	1	1	капец
2788	1	1	капитальный
2789	1	1	капля
2790	1	1	караван
2791	1	1	карачаевец
2792	1	1	карачаево-черкесия
2793	1	1	кардинальный
2794	1	1	карим
2795	1	1	карликовый
2796	1	1	картоха
2797	1	1	карцовка
2798	1	1	катастрофически
2799	1	1	катастрофичный
2800	1	1	кататься
2801	1	1	катушка
2802	1	1	качели
2803	1	1	качественно
2804	1	1	кашляет
2805	1	1	кашлянул
2806	1	1	квнщик
2807	1	1	кедр
2808	1	1	кепка
2809	1	1	кивнуть
2810	1	1	кидальщик
2811	1	1	киев
2812	1	1	кинолог
2813	1	1	кинологический
2814	1	1	киношный
2815	1	1	кипучий
2816	1	1	кисточка
2817	1	1	кл
2818	1	1	кладбища
2819	1	1	кладовка
2820	1	1	классный
2821	1	1	клещ
2822	1	1	кликать
2823	1	1	клиника
2824	1	1	клок
2825	1	1	клоп
2826	1	1	клуб
2827	1	1	ключ
2828	1	1	ключищи
2829	1	1	клясться
2830	1	1	книжный
2831	1	1	кобель
2832	1	1	ковш
2833	1	1	когда-либо
2834	1	1	кое-что
2835	1	1	коза
2836	1	1	козырек
2837	1	1	козьма
2838	1	1	козявочка
2839	1	1	коклюшечка
2840	1	1	колбаска
2841	1	1	коллектив
2842	1	1	коллективизация
2843	1	1	колонхоэ
2844	1	1	колоссальный
2845	1	1	колотить
2846	1	1	колхозный
2847	1	1	колька
2848	1	1	кольцо
2849	1	1	коля
2850	1	1	командировка
2851	1	1	комарье
2852	1	1	комиссар
2853	1	1	коммуницировать
2854	1	1	коморить
2855	1	1	комп
2856	1	1	комплектация
2857	1	1	комплектование
2858	1	1	комфортный
2859	1	1	конкретно
2860	1	1	конкурент
2861	1	1	конкурентный
2862	1	1	конструктивный
2863	1	1	конструкция
2864	1	1	контрмера
2865	1	1	концерт
2866	1	1	кончаться
2867	1	1	конченый
2868	1	1	кончиться
2869	1	1	корзина
2870	1	1	корзун
2871	1	1	корм
2872	1	1	коробок
2873	1	1	коробочек
2874	1	1	корпоративность
2875	1	1	корпорация
2876	1	1	корреляция
2877	1	1	коррупция
2878	1	1	корыто
2879	1	1	костерить
2880	1	1	костлявый
2881	1	1	костылев
2882	1	1	кость
2883	1	1	котель
2884	1	1	котор
2885	1	1	кофе
2886	1	1	кошачий
2887	1	1	кошка
2888	1	1	кошмарный
2889	1	1	край
2890	1	1	крантик
2891	1	1	красавный
2892	1	1	красиво
2893	1	1	красить
2894	1	1	краситься
2895	1	1	краска
2896	1	1	краснеть
2897	1	1	краснодон
2898	1	1	красота
2899	1	1	краткосрочный
2900	1	1	кремлевский
2901	1	1	кремль
2902	1	1	крепко
2903	1	1	крестьянка
2904	1	1	крестьянский
2905	1	1	кровать
2906	1	1	крошить
2907	1	1	кружок
2908	1	1	круп
2909	1	1	крупина
2910	1	1	крупинка
2911	1	1	крупица
2912	1	1	крупный
2913	1	1	крутой
2914	1	1	крче
2915	1	1	крюк
2916	1	1	крючищи
2917	1	1	кудрин
2918	1	1	кузнецкий
2919	1	1	кузница
2920	1	1	кукушка
2921	1	1	кулюб
2922	1	1	купаться
2923	1	1	куратинский
2924	1	1	курировать
2925	1	1	курить
2926	1	1	куропатка
2927	1	1	куртка
2928	1	1	кусок
2929	1	1	куст
2930	1	1	кутя
2931	1	1	лабораторий
2932	1	1	лаборатория
2933	1	1	лавочка
2934	1	1	лагерь
2935	1	1	лазать
2936	1	1	лазить
2937	1	1	латвийский
2938	1	1	латвия
2939	1	1	левинка
2940	1	1	левшино
2941	1	1	легенда
2942	1	1	легко
2943	1	1	легковой
2944	1	1	лекарство
2945	1	1	лекция
2946	1	1	лениногорск
2947	1	1	ленинский
2948	1	1	лениться
2949	1	1	лепить
2950	1	1	лестница
2951	1	1	летний
2952	1	1	леша
2953	1	1	лешка
2954	1	1	линейный
2955	1	1	липа
2956	1	1	лист
2957	1	1	листок
2958	1	1	листочек
2959	1	1	литва
2960	1	1	литературно
2961	1	1	литровый
2962	1	1	лифт
2963	1	1	личный
2964	1	1	лишать
2965	1	1	лишь
2966	1	1	ло
2967	1	1	лобовой
2968	1	1	ловкий
2969	1	1	ложиться
2970	1	1	лозунг
2971	1	1	лоскотать
2972	1	1	луганск
2973	1	1	лугинов
2974	1	1	лукашенко
2975	1	1	лукьянова
2976	1	1	лучший
2977	1	1	лыва
2978	1	1	лысов
2979	1	1	ль
2980	1	1	льгота
2981	1	1	лю
2982	1	1	люба
2983	1	1	любе
2984	1	1	люксембург
2985	1	1	ляхостный
2986	1	1	м-м
2987	1	1	мага
2988	1	1	магия
2989	1	1	мажор
2990	1	1	мазать
2991	1	1	макака
2992	1	1	максимум
2993	1	1	маланьин
2994	1	1	маломощненький
2995	1	1	малый
2996	1	1	мальчишка
2997	1	1	мамаша
2998	1	1	мангал
2999	1	1	маникюрщица
3000	1	1	маньяк
3001	1	1	маня
3002	1	1	марина
3003	1	1	маркетинг
3004	1	1	маршалл
3005	1	1	марянян
3006	1	1	маска
3007	1	1	маслаков
3008	1	1	маслице
3009	1	1	маслуков
3010	1	1	массив
3011	1	1	мастер
3012	1	1	мастерка
3013	1	1	масштабный
3014	1	1	математический
3015	1	1	материнство
3016	1	1	матерок
3017	1	1	матушечек
3018	1	1	матушок
3019	1	1	мачеха
3020	1	1	мгиллиграмм
3021	1	1	мега-специфический
3022	1	1	мегазвезда
3023	1	1	мед
3024	1	1	медведев
3025	1	1	медведь
3026	1	1	медный
3027	1	1	медцентр
3028	1	1	мейнстрим
3029	1	1	мелочный
3030	1	1	мельниченко
3031	1	1	меньшой
3032	1	1	мерзлота
3033	1	1	мерка
3034	1	1	мерять
3035	1	1	местник
3036	1	1	месячный
3037	1	1	методика
3038	1	1	методичка
3039	1	1	мечтать
3040	1	1	мешок
3041	1	1	микрофон
3042	1	1	милиция
3043	1	1	милок
3044	1	1	милый
3045	1	1	мирный
3046	1	1	мировой
3047	1	1	мичурино
3048	1	1	младенец
3049	1	1	множество
3050	1	1	модный
3051	1	1	мож
3052	1	1	мозговой
3053	1	1	мокасина
3054	1	1	молоденький
3055	1	1	молодочка
3056	1	1	молодяшка
3057	1	1	молочный
3058	1	1	монтаж
3059	1	1	моральный
3060	1	1	морда
3061	1	1	мордочка
3062	1	1	море
3063	1	1	моречка
3064	1	1	морковь
3065	1	1	мороз
3066	1	1	морозка
3067	1	1	морозов
3068	1	1	морочачить
3069	1	1	москвич
3070	1	1	московский
3071	1	1	мочалка
3072	1	1	мощный
3073	1	1	мстера
3074	1	1	мужиков
3075	1	1	мужской
3076	1	1	мурал
3077	1	1	мурзабулатов
3078	1	1	мустаян
3079	1	1	мутный
3080	1	1	мчать
3081	1	1	мыло
3082	1	1	мэрфи
3083	1	1	мясников
3084	1	1	н
3085	1	1	набережная
3086	1	1	наблюдать
3087	1	1	набухать
3088	1	1	набухнуть
3089	1	1	наверху
3090	1	1	навет
3091	1	1	навивать
3092	1	1	наводнение
3093	1	1	навредить
3094	1	1	навряд
3095	1	1	навязать
3096	1	1	наглядеться
3097	1	1	наговаривать
3098	1	1	надежда
3099	1	1	надобно
3100	1	1	надобный
3101	1	1	надя
3102	1	1	названье
3103	1	1	назначить
3104	1	1	назревать
3105	1	1	накануне
3106	1	1	накидывать
3107	1	1	накинуть
3108	1	1	накласть
3109	1	1	накопить
3110	1	1	накопиться
3111	1	1	накосить
3112	1	1	накутать
3113	1	1	накушаться
3114	1	1	наличие
3115	1	1	намаз
3116	1	1	наморочачить
3117	1	1	намыться
3118	1	1	нанесение
3119	1	1	наоборот
3120	1	1	напомнить
3121	1	1	направлять
3122	1	1	напротив
3123	1	1	напрядин
3124	1	1	напугать
3125	1	1	наравне
3126	1	1	наседка
3127	1	1	насидеться
3128	1	1	насквозь
3129	1	1	наскоко
3130	1	1	наследник
3131	1	1	наставник
3132	1	1	настать
3133	1	1	настороженно
3134	1	1	настоятельно
3135	1	1	настоять
3136	1	1	наступать
3137	1	1	наступление
3138	1	1	насчитываться
3139	1	1	натаха
3140	1	1	натопить
3141	1	1	натэла
3142	1	1	наулиться
3143	1	1	наушники
3144	1	1	находить
3145	1	1	национализм
3146	1	1	национальность
3147	1	1	начальный
3148	1	1	начертить
3149	1	1	неа
3150	1	1	небольшой
3151	1	1	небось
3152	1	1	нево
3153	1	1	невозможно
3154	1	1	невозможность
3155	1	1	невольно
3156	1	1	негде
3157	1	1	негр
3158	1	1	недалек
3159	1	1	недалеко
3160	1	1	недетский
3161	1	1	недоверие
3162	1	1	недолго
3163	1	1	нежели
3164	1	1	незаметный
3165	1	1	незамужний
3166	1	1	нездоровый
3167	1	1	неизвестный
3168	1	1	нейм
3169	1	1	некого
3170	1	1	некуда
3171	1	1	неладно
3172	1	1	нелегко
3173	1	1	немалый
3174	1	1	немецкий
3175	1	1	немного
3176	1	1	немой
3177	1	1	немужчина
3178	1	1	ненавидеть
3179	1	1	ненастье
3180	1	1	ненормальный
3181	1	1	ненужный
3182	1	1	необходимый
3183	1	1	необязательный
3184	1	1	неокрепший
3185	1	1	неосознанно
3186	1	1	неплохо
3187	1	1	неподалеку
3188	1	1	неподражаемый
3189	1	1	непоздоровиться
3190	1	1	непонятный
3191	1	1	непослушный
3192	1	1	неправда
3193	1	1	неприятность
3194	1	1	нерв
3195	1	1	несовершеннолетний
3196	1	1	неспокойствие
3197	1	1	нести
3198	1	1	нетеля
3199	1	1	неужели
3200	1	1	неустанный
3201	1	1	нехороший
3202	1	1	нечаев
3203	1	1	нечто
3204	1	1	нива
3205	1	1	низкий
3206	1	1	никак
3207	1	1	никалы
3208	1	1	никиша
3209	1	1	никола
3210	1	1	николаевич
3211	1	1	николи
3212	1	1	никонова
3213	1	1	нн
3214	1	1	новгород
3215	1	1	нововведение
3216	1	1	ногий
3217	1	1	ноготочек
3218	1	1	ноготь
3219	1	1	ножка
3220	1	1	нон
3221	1	1	норвегия
3222	1	1	норовить
3223	1	1	ностальгировать
3224	1	1	нота
3225	1	1	нотный
3226	1	1	ночевать
3227	1	1	ноченька
3228	1	1	нуждаться
3229	1	1	нургалиевич
3230	1	1	ныне
3231	1	1	нынче
3232	1	1	нюхать
3233	1	1	оббежать
3234	1	1	обвисать
3235	1	1	обезжирить
3236	1	1	обезьяна
3237	1	1	обеспечить
3238	1	1	обжить
3239	1	1	обидный
3240	1	1	облизываться
3241	1	1	обмануть
3242	1	1	обнимать
3243	1	1	обнинск
3244	1	1	обоа
3245	1	1	обогнать
3246	1	1	обойти
3247	1	1	оборвать
3248	1	1	оборонить
3249	1	1	обр
3250	1	1	образец
3251	1	1	образованный
3252	1	1	образовательный
3253	1	1	образовываться
3254	1	1	обратиться
3255	1	1	обрести
3256	1	1	обсудить
3257	1	1	обсчитывать
3258	1	1	обустроить
3259	1	1	обшарить
3260	1	1	общежитие
3261	1	1	общей
3262	1	1	общение
3263	1	1	общеобразовательный
3264	1	1	общественно
3265	1	1	общет
3266	1	1	объединение
3267	1	1	объективно
3268	1	1	объявить
3269	1	1	объявлять
3270	1	1	объяснимый
3271	1	1	обыденный
3272	1	1	обыкновенный
3273	1	1	обыск
3274	1	1	обязанный
3275	1	1	обязывать
3276	1	1	овес
3277	1	1	овраг
3278	1	1	овсянка
3279	1	1	овсяный
3280	1	1	овцеводство
3281	1	1	овчарка
3282	1	1	ого
3283	1	1	огонь
3284	1	1	огород
3285	1	1	огорчаться
3286	1	1	ограблять
3287	1	1	оградить
3288	1	1	ограждение
3289	1	1	одевать
3290	1	1	одежда
3291	1	1	одиннадцатый
3292	1	1	одногодка
3293	1	1	одноногий
3294	1	1	одностволка
3295	1	1	одолевать
3296	1	1	означать
3297	1	1	озябнуть
3298	1	1	оказывать
3299	1	1	окаменеть
3300	1	1	окей
3301	1	1	оккупация
3302	1	1	округ
3303	1	1	окружать
3304	1	1	октябрь
3305	1	1	оля
3306	1	1	оне
3307	1	1	онлайн
3308	1	1	оо
3309	1	1	опасный
3310	1	1	оперативник
3311	1	1	оперативный
3312	1	1	описывать
3313	1	1	ополоски
3314	1	1	опорно-двигательный
3315	1	1	оправдать
3316	1	1	определенно
3317	1	1	опрокинуть
3318	1	1	оптимальный
3319	1	1	оптимистичный
3320	1	1	оптимум
3321	1	1	опухнуть
3322	1	1	опухоль
3323	1	1	орангутан
3324	1	1	орать
3325	1	1	организовать
3326	1	1	орджоникидзе
3327	1	1	орнамент
3328	1	1	освобождать
3329	1	1	осетин
3330	1	1	осиновик
3331	1	1	осиновка
3332	1	1	осиновки
3333	1	1	осмотреться
3334	1	1	основа
3335	1	1	особо
3336	1	1	осознанно
3337	1	1	оспа
3338	1	1	оставлять
3339	1	1	останавливать
3340	1	1	остаток
3341	1	1	осторожничать
3342	1	1	острый
3343	1	1	отбирать
3344	1	1	отбоина
3345	1	1	отвалиться
3346	1	1	ответственность
3347	1	1	отвлекать
3348	1	1	отвратительно
3349	1	1	отделаться
3350	1	1	отделение
3351	1	1	отдых
3352	1	1	отжить
3353	1	1	отказать
3354	1	1	отказаться
3355	1	1	отказываться
3356	1	1	отказывваться
3357	1	1	отлив
3358	1	1	отменить
3359	1	1	отмереть
3360	1	1	отмыться
3361	1	1	отнести
3362	1	1	отобрать
3363	1	1	отовсюду
3364	1	1	отопление
3365	1	1	оторвать
3366	1	1	отправлять
3367	1	1	отправляться
3368	1	1	отпускать
3369	1	1	отрадный
3370	1	1	отрицать
3371	1	1	отсаживать
3372	1	1	отслужить
3373	1	1	отставка
3374	1	1	отстать
3375	1	1	отстраивать
3376	1	1	отсутствие
3377	1	1	отсчет
3378	1	1	отталкивание
3379	1	1	оттудова
3380	1	1	отупеть
3381	1	1	отхапать
3382	1	1	отходный
3383	1	1	отцов
3384	1	1	официальный
3385	1	1	ох
3386	1	1	охота
3387	1	1	охотник
3388	1	1	оценить
3389	1	1	очаровательный
3390	1	1	очевидный
3391	1	1	очередной
3392	1	1	очистить
3393	1	1	очистной
3394	1	1	очищаться
3395	1	1	ошалеть
3396	1	1	ошибаться
3397	1	1	ошпарить
3398	1	1	ощущать
3399	1	1	ощущение
3400	1	1	па
3401	1	1	павловна
3402	1	1	падать
3403	1	1	палка
3404	1	1	пальчик
3405	1	1	панель
3406	1	1	папаша
3407	1	1	пар
3408	1	1	параллельно
3409	1	1	парсизон
3410	1	1	партийный
3411	1	1	партия
3412	1	1	парфенова
3413	1	1	пас
3414	1	1	паспортный
3415	1	1	пастуший
3416	1	1	пасха
3417	1	1	патрон
3418	1	1	паутина
3419	1	1	пацаненок
3420	1	1	пациент
3421	1	1	пейзаж
3422	1	1	пенза
3423	1	1	пензиков
3424	1	1	пенсионер
3425	1	1	первенство
3426	1	1	первоученик
3427	1	1	первошкола
3428	1	1	перебрать
3429	1	1	перевернуть
3430	1	1	переверт
3431	1	1	перевертень
3432	1	1	перевести
3433	1	1	перевод
3434	1	1	передача
3435	1	1	передачка
3436	1	1	передвигаться
3437	1	1	передвижной
3438	1	1	переделать
3439	1	1	переезд
3440	1	1	переживание
3441	1	1	переживать
3442	1	1	пережить
3443	1	1	переименовать
3444	1	1	перекреститься
3445	1	1	перемешать
3446	1	1	переселение
3447	1	1	переселяться
3448	1	1	пересмотреть
3449	1	1	переход
3450	1	1	переходить
3451	1	1	периодически
3452	1	1	перо
3453	1	1	перспектива
3454	1	1	петр
3455	1	1	петрович
3456	1	1	печатать
3457	1	1	печататься
3458	1	1	печать
3459	1	1	печень
3460	1	1	пилотка
3461	1	1	пирог
3462	1	1	пирожок
3463	1	1	писаться
3464	1	1	пить
3465	1	1	питьевой
3466	1	1	пища
3467	1	1	плавно
3468	1	1	пласт
3469	1	1	платьице
3470	1	1	плач
3471	1	1	плейстейшен
3472	1	1	плита
3473	1	1	плотнечок
3474	1	1	плотный
3475	1	1	пляж
3476	1	1	плясунья
3477	1	1	по-иначе
3478	1	1	по-итальянски
3479	1	1	по-любому
3480	1	1	по-немецки
3481	1	1	по-приколу
3482	1	1	по-разному
3483	1	1	по-своему
3484	1	1	по-старому
3485	1	1	победитель
3486	1	1	победить
3487	1	1	побеждать
3488	1	1	побить
3489	1	1	побороть
3490	1	1	побыть
3491	1	1	повертывать
3492	1	1	повести
3493	1	1	повзрослеть
3494	1	1	повинный
3495	1	1	повлиять
3496	1	1	повод
3497	1	1	повозиться
3498	1	1	повсеместно
3499	1	1	повтор
3500	1	1	повторить
3501	1	1	повторять
3502	1	1	повыкопать
3503	1	1	повыступать
3504	1	1	повышение
3505	1	1	поглощение
3506	1	1	поглядывать
3507	1	1	погодка
3508	1	1	погреб
3509	1	1	погрузка
3510	1	1	погулять
3511	1	1	подбор
3512	1	1	подготовить
3513	1	1	подготовиться
3514	1	1	подготовка
3515	1	1	поддаваться
3516	1	1	поддерживаться
3517	1	1	поделаться
3518	1	1	поделиться
3519	1	1	подзиривать
3520	1	1	подивиться
3521	1	1	подкалывать
3522	1	1	подкрасться
3523	1	1	подмыть
3524	1	1	поднимать
3525	1	1	поднять
3526	1	1	подняться
3527	1	1	подо
3528	1	1	подозреваемый
3529	1	1	подозрение
3530	1	1	подоить
3531	1	1	подольский
3532	1	1	подпалить
3533	1	1	подписчик
3534	1	1	подраться
3535	1	1	подросток
3536	1	1	подручный
3537	1	1	подсвинков
3538	1	1	подслушать
3539	1	1	подсчет
3540	1	1	подталкивать
3541	1	1	подтирать
3542	1	1	подушечка
3543	1	1	подъем
3544	1	1	подыскивать
3545	1	1	подышать
3546	1	1	поездка
3547	1	1	пожаловать
3548	1	1	пожар
3549	1	1	пожевать
3550	1	1	пожениться
3551	1	1	пожилой
3552	1	1	позабрать
3553	1	1	позабывать
3554	1	1	позавтракать
3555	1	1	позавчера
3556	1	1	позапоздниться
3557	1	1	позволить
3558	1	1	поздний
3559	1	1	поздорову
3560	1	1	познакомить
3561	1	1	поиск
3562	1	1	поисковый
3563	1	1	поить
3564	1	1	показатель
3565	1	1	показаться
3566	1	1	покамест
3567	1	1	покупаться
3568	1	1	покурить
3569	1	1	полад
3570	1	1	полгектара
3571	1	1	полгорода
3572	1	1	полегонечку
3573	1	1	полежать
3574	1	1	полезть
3575	1	1	полиция
3576	1	1	полковник
3577	1	1	полно
3578	1	1	полнометражный
3579	1	1	полноценный
3580	1	1	полночь
3581	1	1	половой
3582	1	1	поломать
3583	1	1	полоса
3584	1	1	полоскать
3585	1	1	полоть
3586	1	1	полуавтоматический
3587	1	1	полудревесный
3588	1	1	полуназемный
3589	1	1	получение
3590	1	1	польза
3591	1	1	помазать
3592	1	1	помазаться
3593	1	1	помаленьку
3594	1	1	померять
3595	1	1	помещение
3596	1	1	поминание
3597	1	1	поминать
3598	1	1	поминки
3599	1	1	помногу
3600	1	1	помощник
3601	1	1	помыться
3602	1	1	поначалу
3603	1	1	понежиться
3604	1	1	понемногу
3605	1	1	поносить
3606	1	1	поощрение
3607	1	1	поп
3608	1	1	попадаться
3609	1	1	попариться
3610	1	1	попечительство
3611	1	1	попить
3612	1	1	поплясать
3613	1	1	поповесять
3614	1	1	пополнять
3615	1	1	поправка
3616	1	1	попредставлять
3617	1	1	попретиться
3618	1	1	поприезжать
3619	1	1	попрыгать
3620	1	1	попытаться
3621	1	1	поработать
3622	1	1	поросятки
3623	1	1	портки
3624	1	1	поручение
3625	1	1	поручить
3626	1	1	посевной
3627	1	1	посевный
3628	1	1	посередь
3629	1	1	последователь
3630	1	1	последовательность
3631	1	1	пословица
3632	1	1	послушный
3633	1	1	посмеиваться
3634	1	1	пост
3635	1	1	постареть
3636	1	1	постепенно
3637	1	1	постигать
3638	1	1	постирать
3639	1	1	постпродакшн
3640	1	1	постсоветский
3641	1	1	поступок
3642	1	1	пот
3643	1	1	потенциально
3644	1	1	потеплеть
3645	1	1	поток
3646	1	1	потолок
3647	1	1	потребитель
3648	1	1	потребность
3649	1	1	потребоваться
3650	1	1	потрясающий
3651	1	1	поуехать
3652	1	1	поумереть
3653	1	1	поучаствовать
3654	1	1	похвальный
3655	1	1	похлебать
3656	1	1	почернеть
3657	1	1	почетный
3658	1	1	почка
3659	1	1	пошвыркать
3660	1	1	пояснить
3661	1	1	пр
3662	1	1	правдивый
3663	1	1	правнук
3664	1	1	православный
3665	1	1	правый
3666	1	1	праздничный
3667	1	1	празднование
3668	1	1	практичный
3669	1	1	предвыборный
3670	1	1	преддверие
3671	1	1	предлагать
3672	1	1	предполагать
3673	1	1	предположение
3674	1	1	предположительно
3675	1	1	предпринимать
3676	1	1	представиться
3677	1	1	представление
3678	1	1	предстоять
3679	1	1	предупредительный
3680	1	1	предупредить
3681	1	1	предыдущий
3682	1	1	предыстория
3683	1	1	прежде
3684	1	1	прелестный
3685	1	1	преображаться
3686	1	1	преподноситься
3687	1	1	препона
3688	1	1	престижный
3689	1	1	престольный
3690	1	1	претить
3691	1	1	пречистенский
3692	1	1	при-при
3693	1	1	прибавить
3694	1	1	прибежать
3695	1	1	привариться
3696	1	1	приводить
3697	1	1	привязать
3698	1	1	пригласить
3699	1	1	приговорить
3700	1	1	придерживать
3701	1	1	придерживаться
3702	1	1	придурочно
3703	1	1	придурочный
3704	1	1	приежать
3705	1	1	приезд
3706	1	1	прижать
3707	1	1	призадуматься
3708	1	1	признаться
3709	1	1	призрак
3710	1	1	приказ
3711	1	1	прикинуть
3712	1	1	прикладывать
3713	1	1	приключилось
3714	1	1	приключить
3715	1	1	приключиться
3716	1	1	приколоть
3717	1	1	прикольно
3718	1	1	прикрутить
3719	1	1	прикрыть
3720	1	1	прилечь
3721	1	1	приличный
3722	1	1	пример
3723	1	1	принудильщик
3724	1	1	принципиально
3725	1	1	принятый
3726	1	1	приобрести
3727	1	1	приотарный
3728	1	1	прислать
3729	1	1	присмотр
3730	1	1	присоединиться
3731	1	1	пристрогаться
3732	1	1	пристройка
3733	1	1	приступить
3734	1	1	присутствовать
3735	1	1	приходиться
3736	1	1	причем
3737	1	1	прическа
3738	1	1	причесываться
3739	1	1	пробовать
3740	1	1	проверка
3741	1	1	прогнать
3742	1	1	прогноз
3743	1	1	проговорить
3744	1	1	проголодаться
3745	1	1	прогонять
3746	1	1	прогулять
3747	1	1	продавец
3748	1	1	продажа
3749	1	1	продажность
3750	1	1	продвигаться
3751	1	1	продоить
3752	1	1	проезд
3753	1	1	проездить
3754	1	1	проезжать
3755	1	1	прозвать
3756	1	1	произрастать
3757	1	1	пройтись
3758	1	1	прокомментировать
3759	1	1	пролить
3760	1	1	пролонгация
3761	1	1	пропасть
3762	1	1	прописать
3763	1	1	прописывать
3764	1	1	пропускной
3765	1	1	пропустить
3766	1	1	прорывать
3767	1	1	прослеживать
3768	1	1	проснуться
3769	1	1	прострелить
3770	1	1	просыпаться
3771	1	1	просьба
3772	1	1	протестовать
3773	1	1	противный
3774	1	1	протяжно
3775	1	1	профессионально
3776	1	1	профиль
3777	1	1	профильный
3778	1	1	прочее
3779	1	1	прочистить
3780	1	1	прошлогодний
3781	1	1	прудик
3782	1	1	прутков
3783	1	1	пры
3784	1	1	прыгнуть
3785	1	1	птица
3786	1	1	пункт
3787	1	1	пусть
3788	1	1	путана
3789	1	1	путаться
3790	1	1	пух
3791	1	1	пушистый
3792	1	1	пущать
3793	1	1	пытаться
3794	1	1	пьеса
3795	1	1	пятидесятый
3796	1	1	пятидневка
3797	1	1	пятнадцатый
3798	1	1	р
3799	1	1	ра
3800	1	1	раб
3801	1	1	раба
3802	1	1	ради
3803	1	1	радио
3804	1	1	радостный
3805	1	1	разбегаться
3806	1	1	разбиваться
3807	1	1	разбираться
3808	1	1	разборка
3809	1	1	развалиться
3810	1	1	развитый
3811	1	1	развиться
3812	1	1	разга
3813	1	1	разгон
3814	1	1	раздевалка
3815	1	1	разделение
3816	1	1	разделить
3817	1	1	раздеть
3818	1	1	раздумывать
3819	1	1	различный
3820	1	1	размер
3821	1	1	размешивать
3822	1	1	разнообразие
3823	1	1	разобрать
3824	1	1	разогнать
3825	1	1	разойтись
3826	1	1	разрушаться
3827	1	1	разыскивать
3828	1	1	раиль
3829	1	1	рай
3830	1	1	рановато
3831	1	1	раскопать
3832	1	1	раскрыть
3833	1	1	раскулачивание
3834	1	1	раскулачить
3835	1	1	расплод
3836	1	1	располагать
3837	1	1	расположение
3838	1	1	расправить
3839	1	1	распространение
3840	1	1	распространенный
3841	1	1	рассказ
3842	1	1	рассмотрение
3843	1	1	расставание
3844	1	1	рассыпчатый
3845	1	1	растащить
3846	1	1	раствориться
3847	1	1	растение
3848	1	1	рашитывать
3849	1	1	рая
3850	1	1	рваный
3851	1	1	реализовывать
3852	1	1	реальность
3853	1	1	революция
3854	1	1	регламентироваться
3855	1	1	регулировать
3856	1	1	редактор
3857	1	1	режим
3858	1	1	резко
3859	1	1	рейка
3860	1	1	рейтинговый
3861	1	1	рекорд
3862	1	1	ремонт
3863	1	1	репродуктор
3864	1	1	ресторан
3865	1	1	ресурс
3866	1	1	рецепт
3867	1	1	риал
3868	1	1	рига
3869	1	1	ринг
3870	1	1	риск
3871	1	1	ритка
3872	1	1	ритуал
3873	1	1	ровесник
3874	1	1	ровный
3875	1	1	рог
3876	1	1	род
3877	1	1	родина
3878	1	1	родить
3879	1	1	родственный
3880	1	1	рожа
3881	1	1	роза
3882	1	1	рок
3883	1	1	романтика
3884	1	1	романтический
3885	1	1	романтичный
3886	1	1	ромашка
3887	1	1	росагромаш
3888	1	1	ростовский
3889	1	1	ростсельмаш
3890	1	1	роща
3891	1	1	ртрс
3892	1	1	рубрика
3893	1	1	рукавица
3894	1	1	руководство
3895	1	1	рулон
3896	1	1	румяный
3897	1	1	русло
3898	1	1	рустам
3899	1	1	рыбак
3900	1	1	рыть
3901	1	1	рээ
3902	1	1	рядышком
3903	1	1	рязанский
3904	1	1	с-с-с
3905	1	1	савка
3906	1	1	сад
3907	1	1	садить
3908	1	1	самара
3909	1	1	самоидентифицировать
3910	1	1	самоизоляция
3911	1	1	самооголение
3912	1	1	самородок
3913	1	1	самостоятельно
3914	1	1	самочувствие
3915	1	1	самшитовый
3916	1	1	саратов
3917	1	1	сахарок
3918	1	1	сбегать
3919	1	1	сбегаться
3920	1	1	сбоку
3921	1	1	свекровия
3922	1	1	свекровка
3923	1	1	свекровушка
3924	1	1	свекруха
3925	1	1	свердловск
3926	1	1	светить
3927	1	1	светиться
3928	1	1	светленький
3929	1	1	свидание
3930	1	1	свистеть
3931	1	1	своеобразный
3932	1	1	сворачивать
3933	1	1	своротить
3934	1	1	свысока
3935	1	1	связаться
3936	1	1	святой
3937	1	1	сгореть
3938	1	1	сдерживать
3939	1	1	сдобрить
3940	1	1	сдохнуть
3941	1	1	сдуться
3942	1	1	север
3943	1	1	сегда
3944	1	1	седне
3945	1	1	седня
3946	1	1	сексуальный
3947	1	1	сектор
3948	1	1	селение
3949	1	1	селковников
3950	1	1	сельсовет
3951	1	1	семенковский
3952	1	1	семидесятилетие
3953	1	1	семнадцатый
3954	1	1	семнадцать
3955	1	1	семьсот
3956	1	1	сенокос
3957	1	1	сертификат
3958	1	1	сзади
3959	1	1	сизо
3960	1	1	сильный
3961	1	1	синоним
3962	1	1	сирота
3963	1	1	сказываться
3964	1	1	скандалить
3965	1	1	сквозной
3966	1	1	скирдовка
3967	1	1	склад
3968	1	1	склониться
3969	1	1	сковородник
3970	1	1	скок
3971	1	1	скосить
3972	1	1	скреплево
3973	1	1	скучно
3974	1	1	слать
3975	1	1	слететь
3976	1	1	слечь
3977	1	1	слобода
3978	1	1	словечечко
3979	1	1	словечко
3980	1	1	словечушко
3981	1	1	сложиться
3982	1	1	сложность
3983	1	1	слон
3984	1	1	слыхать
3985	1	1	смениться
3986	1	1	смертельно
3987	1	1	смертность
3988	1	1	смерть
3989	1	1	смех
3990	1	1	снарядить
3991	1	1	снежинка
3992	1	1	снежок
3993	1	1	сногсшибательный
3994	1	1	сноп
3995	1	1	снопик
3996	1	1	собр
3997	1	1	собственно
3998	1	1	совдепия
3999	1	1	совершить
4000	1	1	совмещать
4001	1	1	совок
4002	1	1	совхоз
4003	1	1	согласие
4004	1	1	соединение
4005	1	1	соединить
4006	1	1	сожрать
4007	1	1	создание
4008	1	1	создать
4009	1	1	сознавать
4010	1	1	сознание
4011	1	1	солнышко
4012	1	1	сон
4013	1	1	соответствовать
4014	1	1	соответствующий
4015	1	1	сопроводить
4016	1	1	сопротивление
4017	1	1	соревнование
4018	1	1	соседушка
4019	1	1	соскучиться
4020	1	1	сосна
4021	1	1	состоять
4022	1	1	сотка
4023	1	1	социализация
4024	1	1	социальный
4025	1	1	социолог
4026	1	1	сочувствовать
4027	1	1	союз
4028	1	1	спад
4029	1	1	спадать
4030	1	1	спальня
4031	1	1	спеть
4032	1	1	специальность
4033	1	1	специфика
4034	1	1	спиваться
4035	1	1	списывать
4036	1	1	спитой
4037	1	1	сплавщик
4038	1	1	сплошняком
4039	1	1	спокойствие
4040	1	1	справедливый
4041	1	1	справиться
4042	1	1	справляться
4043	1	1	справочник
4044	1	1	спрыскивать
4045	1	1	спрятать
4046	1	1	спрятаться
4047	1	1	спустить
4048	1	1	спятить
4049	1	1	сравнительный
4050	1	1	сравнить
4051	1	1	сразиться
4052	1	1	сробить
4053	1	1	ссориться
4054	1	1	ссщщ
4055	1	1	ставиться
4056	1	1	ставропольский
4057	1	1	стадо
4058	1	1	сталинград
4059	1	1	стандартный
4060	1	1	становиться
4061	1	1	станция
4062	1	1	статус
4063	1	1	статься
4064	1	1	стенка
4065	1	1	степан
4066	1	1	степанович
4067	1	1	стойка
4068	1	1	столкнуть
4069	1	1	стопка
4070	1	1	стори
4071	1	1	сторонник
4072	1	1	страничка
4073	1	1	стремительно
4074	1	1	стресс
4075	1	1	стрит-арт
4076	1	1	строительный
4077	1	1	строиться
4078	1	1	стройка
4079	1	1	стройматериалы
4080	1	1	студент
4081	1	1	стульчик
4082	1	1	ступень
4083	1	1	стыдный
4084	1	1	стырить
4085	1	1	сугубо
4086	1	1	суд
4087	1	1	судебный
4088	1	1	судить
4089	1	1	сумка
4090	1	1	сунуть
4091	1	1	супер
4092	1	1	суперзвезда
4093	1	1	супружество
4094	1	1	суровый
4095	1	1	сурья
4096	1	1	сутки
4097	1	1	сухота
4098	1	1	сфотографировать
4099	1	1	сценарий
4100	1	1	сценка
4101	1	1	счастливый
4102	1	1	считанный
4103	1	1	сшшс
4104	1	1	съезд
4105	1	1	съезжать
4106	1	1	съесть
4107	1	1	съехать
4108	1	1	сыграть
4109	1	1	сыктывкарский
4110	1	1	сымать
4111	1	1	сырой
4112	1	1	сюды
4113	1	1	таблеточка
4114	1	1	таблица
4115	1	1	тады
4116	1	1	таз
4117	1	1	тай
4118	1	1	тайм
4119	1	1	так-то
4120	1	1	таков
4121	1	1	талантливый
4122	1	1	талончик
4123	1	1	тальтия
4124	1	1	тамара
4125	1	1	тамбовский
4126	1	1	тамотко
4127	1	1	танк
4128	1	1	таня
4129	1	1	тар
4130	1	1	татарстан
4131	1	1	татьяна
4132	1	1	тварина
4133	1	1	тварь
4134	1	1	твердый
4135	1	1	творец
4136	1	1	твориться
4137	1	1	творческий
4138	1	1	творчество
4139	1	1	театр
4140	1	1	телевизионный
4141	1	1	телевизор
4142	1	1	телефонный
4143	1	1	тематика
4144	1	1	температура
4145	1	1	темрюкский
4146	1	1	теплякова
4147	1	1	терпение
4148	1	1	терпеть
4149	1	1	территория
4150	1	1	терять
4151	1	1	тест
4152	1	1	тестирование
4153	1	1	тетка
4154	1	1	техника
4155	1	1	течь
4156	1	1	типография
4157	1	1	тихонечко
4158	1	1	тканый
4159	1	1	ткнуть
4160	1	1	тнт
4161	1	1	толковый
4162	1	1	толсто-васюковский
4163	1	1	толстый
4164	1	1	тольяттинский
4165	1	1	тонна
4166	1	1	торговля
4167	1	1	торговый
4168	1	1	тоскать
4169	1	1	точнее
4170	1	1	травить
4171	1	1	травма
4172	1	1	трамвайный
4173	1	1	трамплин
4174	1	1	трансплантация
4175	1	1	трезвый
4176	1	1	тренажер
4177	1	1	тренировка
4178	1	1	треугольник
4179	1	1	тридцатый
4180	1	1	троллейбусный
4181	1	1	тролль
4182	1	1	тротуар
4183	1	1	трофим
4184	1	1	тряпка
4185	1	1	туды
4186	1	1	туман
4187	1	1	туристический
4188	1	1	турок
4189	1	1	тусовка
4190	1	1	тутотка
4191	1	1	тушенка
4192	1	1	тыcяча
4193	1	1	тык
4194	1	1	тырдельник
4195	1	1	тюменский
4196	1	1	тянуться
4197	1	1	убедить
4198	1	1	убежать
4199	1	1	убираться
4200	1	1	убиться
4201	1	1	убрать
4202	1	1	уважать
4203	1	1	увилок
4204	1	1	увлекаться
4205	1	1	увозить
4206	1	1	увольнение
4207	1	1	увольнять
4208	1	1	углевод
4209	1	1	уговор
4210	1	1	угол
4211	1	1	угостить
4212	1	1	угрожать
4213	1	1	удалять
4214	1	1	удар
4215	1	1	ударение
4216	1	1	удаться
4217	1	1	уделить
4218	1	1	уделять
4219	1	1	удивительно
4220	1	1	удивительный
4221	1	1	удивляться
4222	1	1	удобный
4223	1	1	удовлетворить
4224	1	1	удовлетворять
4225	1	1	удовольствие
4226	1	1	удумать
4227	1	1	удуматься
4228	1	1	узенький
4229	1	1	указ
4230	1	1	указательный
4231	1	1	укладка
4232	1	1	уколоть
4233	1	1	улетать
4234	1	1	улететь
4235	1	1	улечься
4236	1	1	улочка
4237	1	1	улыбаться
4238	1	1	умар
4239	1	1	умудриться
4240	1	1	унеча
4241	1	1	упорно
4242	1	1	употреблять
4243	1	1	управление
4244	1	1	управляться
4245	1	1	упрек
4246	1	1	урал
4247	1	1	уродиться
4248	1	1	урочище
4249	1	1	усадьба
4250	1	1	усилие
4251	1	1	усилиться
4252	1	1	усиляться
4253	1	1	уследить
4254	1	1	условно
4255	1	1	успевать
4256	1	1	успешно
4257	1	1	успрашивать
4258	1	1	установить
4259	1	1	установление
4260	1	1	устойчивый
4261	1	1	устроиться
4262	1	1	устюжна
4263	1	1	усугубление
4264	1	1	усыновить
4265	1	1	утверждать
4266	1	1	утереть
4267	1	1	утерять
4268	1	1	утонуть
4269	1	1	утратить
4270	1	1	утренний
4271	1	1	утюг
4272	1	1	уфимец
4273	1	1	ухх
4274	1	1	участвовать
4275	1	1	участие
4276	1	1	участник
4277	1	1	участь
4278	1	1	ученый
4279	1	1	учительница
4280	1	1	учитывать
4281	1	1	учредитель
4282	1	1	учреждение
4283	1	1	уютный
4284	1	1	фаворит
4285	1	1	февраль
4286	1	1	федор
4287	1	1	фельдшер
4288	1	1	феодос
4289	1	1	фиаско
4290	1	1	фигня
4291	1	1	физико-математический
4292	1	1	физкультура
4293	1	1	филармония
4294	1	1	финальный
4295	1	1	финишный
4296	1	1	фитилек
4297	1	1	фитнес-клуб
4298	1	1	флер
4299	1	1	фомичева
4300	1	1	форменный
4301	1	1	форсить
4302	1	1	фотографироваться
4303	1	1	фотокарточка
4304	1	1	франция
4305	1	1	фрукт
4306	1	1	функционал
4307	1	1	функция
4308	1	1	х
4309	1	1	хакимов
4310	1	1	халявный
4311	1	1	хамство
4312	1	1	хан
4313	1	1	характер
4314	1	1	характеристика
4315	1	1	харизма
4316	1	1	хасавюрт
4317	1	1	хаха
4318	1	1	хвалить
4319	1	1	хвататься
4320	1	1	хвать
4321	1	1	хвойный
4322	1	1	хвост
4323	1	1	хвостик
4324	1	1	хе
4325	1	1	хе-хе
4326	1	1	хейтер
4327	1	1	хина
4328	1	1	хип-хоп
4329	1	1	хитрый
4330	1	1	хищнический
4331	1	1	хлебушек
4332	1	1	хлопнуть
4333	1	1	хмыкает
4334	1	1	хобби
4335	1	1	хово
4336	1	1	холодильник
4337	1	1	хорева
4338	1	1	хореография
4339	1	1	хоронить
4340	1	1	хохотать
4341	1	1	хош
4342	1	1	хранение
4343	1	1	хрень
4344	1	1	хрр
4345	1	1	хрущевка
4346	1	1	хурма
4347	1	1	хутор
4348	1	1	ца
4349	1	1	царевич
4350	1	1	цвет
4351	1	1	цветастый
4352	1	1	цветок
4353	1	1	целенаправленно
4354	1	1	цель
4355	1	1	цен
4356	1	1	цеплять
4357	1	1	цепь
4358	1	1	церемониться
4359	1	1	цитировать
4360	1	1	цифровой
4361	1	1	цицерон
4362	1	1	цокает
4363	1	1	цыган
4364	1	1	цыплятки
4365	1	1	чапаев
4366	1	1	частица
4367	1	1	частично
4368	1	1	чашечка
4369	1	1	чашка
4370	1	1	че-нибудь
4371	1	1	чего
4372	1	1	чей-то
4373	1	1	челябинск
4374	1	1	чемпион
4375	1	1	череда
4376	1	1	черенков
4377	1	1	черный
4378	1	1	черпать
4379	1	1	черта
4380	1	1	честный
4381	1	1	четверть
4382	1	1	четко
4383	1	1	четырнадцатый
4384	1	1	чи
4385	1	1	чиновник
4386	1	1	чистка
4387	1	1	чисто
4388	1	1	читатель
4389	1	1	чокнуться
4390	1	1	чуваш
4391	1	1	чугун
4392	1	1	чудесный
4393	1	1	чудо
4394	1	1	чума
4395	1	1	чушь
4396	1	1	шара
4397	1	1	шарик
4398	1	1	шататься
4399	1	1	шевелить
4400	1	1	шелохнуться
4401	1	1	шелупиться
4402	1	1	шепотом
4403	1	1	шестнадцать
4404	1	1	шесток
4405	1	1	шестьсот
4406	1	1	шея
4407	1	1	шибко
4408	1	1	шимпанзе
4409	1	1	широкий
4410	1	1	шитова
4411	1	1	шихта
4412	1	1	школьный
4413	1	1	шляпа
4414	1	1	шнурок
4415	1	1	шок
4416	1	1	шоша
4417	1	1	штанга
4418	1	1	штукатурка
4419	1	1	штурм
4420	1	1	шулюшка
4421	1	1	шуметь
4422	1	1	шуруп
4423	1	1	шутиков
4424	1	1	щека
4425	1	1	щепалов
4426	1	1	щербакова
4427	1	1	щи
4428	1	1	щипать
4429	1	1	що
4430	1	1	э-э
4431	1	1	эволюционировать
4432	1	1	эвэнт
4433	1	1	эи
4434	1	1	экономический
4435	1	1	экскаваторщик
4436	1	1	экстернат
4437	1	1	электронный
4438	1	1	элементарно
4439	1	1	элитарный
4440	1	1	эльза
4441	1	1	эмо
4442	1	1	эмоция
4443	1	1	энергия
4444	1	1	энтот
4445	1	1	эт
4446	1	1	этнографический
4447	1	1	этось
4448	1	1	эфир
4449	1	1	эх
4450	1	1	эхо
4451	1	1	ээх
4452	1	1	юбилейчик
4453	1	1	юбка
4454	1	1	юзефович
4455	1	1	юлить
4456	1	1	юля
4457	1	1	юноша
4458	1	1	юридический
4459	1	1	юрий
4460	1	1	ютуб
4461	1	1	явка
4462	1	1	ягиба
4463	1	1	ягода
4464	1	1	якибошна
4465	1	1	якименкова
4466	1	1	якубович
4467	1	1	якутск
4468	1	1	яма
4469	1	1	январь
4470	1	1	яркий
4471	1	1	ярко
4472	1	1	ярославский
4473	1	1	ячмень
